1.01278e-13 0 1.3923e-10 
1.12057e-05 1 0 48 
1.90735e-06 1 0 96 
2.14577e-06 1 0 48 
2.14577e-06 1 0 288 
1.90735e-06 1 0 288 
1.90735e-06 1 0 240 
1.90735e-06 1 0 144 
1.90735e-06 1 0 864 
2.14577e-06 1 0 864 
1.90735e-06 1 0 5184 
1.90735e-06 1 0 720 
2.14577e-06 1 0 720 
1.90735e-06 1 0 4320 
1.90735e-06 1 0 4320 
2.14577e-06 1 0 3600 
1.90735e-06 1 0 288 
1.90735e-06 1 0 720 
2.86102e-06 1 0 48 
1.90735e-06 1 0 144 
1.90735e-06 1 0 48 
1.90735e-06 1 0 432 
1.90735e-06 1 0 432 
1.90735e-06 1 0 576 
1.90735e-06 1 0 144 
1.90735e-06 1 0 1296 
2.14577e-06 1 0 1296 
2.14577e-06 1 0 11664 
1.90735e-06 1 0 1728 
1.90735e-06 1 0 1728 
1.90735e-06 1 0 15552 
1.90735e-06 1 0 15552 
3.09944e-06 1 0 20736 
1.90735e-06 1 0 432 
2.14577e-06 1 0 1728 
3.8147e-06 1 0 48 
2.14577e-06 1 0 96 
1.90735e-06 1 0 48 
1.90735e-06 1 0 288 
9.53674e-07 1 0 288 
2.14577e-06 1 0 240 
2.14577e-06 1 0 144 
1.90735e-06 1 0 864 
2.14577e-06 1 0 864 
1.90735e-06 1 0 5184 
1.90735e-06 1 0 720 
2.14577e-06 1 0 720 
1.90735e-06 1 0 4320 
1.90735e-06 1 0 4320 
1.90735e-06 1 0 3600 
1.90735e-06 1 0 288 
2.14577e-06 1 0 720 
3.09944e-06 1 0 48 
2.14577e-06 1 0 128 
2.14577e-06 1 0 48 
2.14577e-06 1 0 384 
9.53674e-07 1 0 384 
1.19209e-06 1 0 448 
1.90735e-06 1 0 144 
1.90735e-06 1 0 1152 
1.90735e-06 1 0 1152 
2.86102e-06 1 0 9216 
1.90735e-06 1 0 1344 
1.90735e-06 1 0 1344 
2.14577e-06 1 0 10752 
2.14577e-06 1 0 10752 
1.90735e-06 1 0 12544 
1.90735e-06 1 0 384 
2.14577e-06 1 0 1344 
4.05312e-06 1 0 48 
1.90735e-06 1 0 160 
1.90735e-06 1 0 48 
2.14577e-06 1 0 480 
1.90735e-06 1 0 480 
1.90735e-06 1 0 720 
2.14577e-06 1 0 144 
1.90735e-06 1 0 1440 
1.90735e-06 1 0 1440 
1.90735e-06 1 0 14400 
2.14577e-06 1 0 2160 
1.90735e-06 1 0 2160 
1.90735e-06 1 0 21600 
2.86102e-06 1 0 21600 
2.86102e-06 1 0 32400 
2.14577e-06 1 0 480 
1.90735e-06 1 0 2160 
3.09944e-06 1 0 64 
1.90735e-06 1 0 96 
1.90735e-06 1 0 96 
9.53674e-07 1 0 384 
1.90735e-06 1 0 384 
1.90735e-06 1 0 240 
2.14577e-06 1 0 576 
1.90735e-06 1 0 2304 
1.90735e-06 1 0 2304 
2.14577e-06 1 0 9216 
1.90735e-06 1 0 1440 
2.14577e-06 1 0 1440 
2.14577e-06 1 0 5760 
1.90735e-06 1 0 5760 
2.14577e-06 1 0 3600 
1.90735e-06 1 0 384 
2.14577e-06 1 0 1440 
4.05312e-06 1 0 64 
1.90735e-06 1 0 128 
2.14577e-06 1 0 96 
2.14577e-06 1 0 512 
1.90735e-06 1 0 512 
1.90735e-06 1 0 448 
2.14577e-06 1 0 576 
2.14577e-06 1 0 3072 
1.90735e-06 1 0 3072 
3.09944e-06 1 0 16384 
3.09944e-06 1 0 2688 
1.90735e-06 1 0 2688 
2.14577e-06 1 0 14336 
1.90735e-06 1 0 14336 
1.90735e-06 1 0 12544 
2.14577e-06 1 0 512 
1.90735e-06 1 0 2688 
3.09944e-06 1 0 48 
2.14577e-06 1 0 96 
1.90735e-06 1 0 48 
1.90735e-06 1 0 288 
2.14577e-06 1 0 288 
2.14577e-06 1 0 240 
2.14577e-06 1 0 144 
2.14577e-06 1 0 864 
1.90735e-06 1 0 864 
1.90735e-06 1 0 5184 
1.90735e-06 1 0 720 
2.14577e-06 1 0 720 
1.90735e-06 1 0 4320 
1.90735e-06 1 0 4320 
2.14577e-06 1 0 3600 
9.53674e-07 1 0 288 
1.90735e-06 1 0 720 
2.86102e-06 1 0 48 
2.14577e-06 1 0 112 
1.90735e-06 1 0 48 
1.90735e-06 1 0 336 
1.90735e-06 1 0 336 
1.90735e-06 1 0 336 
2.14577e-06 1 0 144 
1.90735e-06 1 0 1008 
1.90735e-06 1 0 1008 
1.90735e-06 1 0 7056 
9.53674e-07 1 0 1008 
1.90735e-06 1 0 1008 
2.14577e-06 1 0 7056 
1.90735e-06 1 0 7056 
2.14577e-06 1 0 7056 
1.90735e-06 1 0 336 
2.14577e-06 1 0 1008 
2.86102e-06 1 0 48 
1.90735e-06 1 0 128 
1.90735e-06 1 0 48 
1.90735e-06 1 0 384 
1.90735e-06 1 0 384 
1.90735e-06 1 0 448 
2.14577e-06 1 0 144 
2.14577e-06 1 0 1152 
2.14577e-06 1 0 1152 
1.90735e-06 1 0 9216 
1.90735e-06 1 0 1344 
2.14577e-06 1 0 1344 
1.90735e-06 1 0 10752 
2.86102e-06 1 0 10752 
3.09944e-06 1 0 12544 
2.14577e-06 1 0 384 
2.14577e-06 1 0 1344 
3.09944e-06 1 0 64 
1.90735e-06 1 0 96 
2.14577e-06 1 0 96 
2.14577e-06 1 0 384 
9.53674e-07 1 0 384 
1.90735e-06 1 0 240 
2.14577e-06 1 0 576 
1.90735e-06 1 0 2304 
2.14577e-06 1 0 2304 
2.86102e-06 1 0 9216 
9.53674e-07 1 0 1440 
1.90735e-06 1 0 1440 
1.90735e-06 1 0 5760 
1.90735e-06 1 0 5760 
1.90735e-06 1 0 3600 
1.90735e-06 1 0 384 
1.90735e-06 1 0 1440 
2.86102e-06 1 0 64 
2.14577e-06 1 0 112 
2.14577e-06 1 0 96 
2.14577e-06 1 0 448 
1.90735e-06 1 0 448 
2.14577e-06 1 0 336 
1.90735e-06 1 0 576 
1.90735e-06 1 0 2688 
2.14577e-06 1 0 2688 
1.90735e-06 1 0 12544 
1.90735e-06 1 0 2016 
1.90735e-06 1 0 2016 
1.90735e-06 1 0 9408 
2.14577e-06 1 0 9408 
1.90735e-06 1 0 7056 
1.90735e-06 1 0 448 
1.90735e-06 1 0 2016 
2.86102e-06 1 0 64 
1.90735e-06 1 0 128 
1.90735e-06 1 0 96 
2.14577e-06 1 0 512 
9.53674e-07 1 0 512 
2.14577e-06 1 0 448 
2.14577e-06 1 0 576 
1.90735e-06 1 0 3072 
2.14577e-06 1 0 3072 
1.90735e-06 1 0 16384 
2.14577e-06 1 0 2688 
1.90735e-06 1 0 2688 
3.09944e-06 1 0 14336 
3.09944e-06 1 0 14336 
2.14577e-06 1 0 12544 
1.90735e-06 1 0 512 
2.14577e-06 1 0 2688 
2.86102e-06 1 0 80 
1.90735e-06 1 0 96 
1.90735e-06 1 0 160 
1.90735e-06 1 0 480 
2.14577e-06 1 0 480 
1.90735e-06 1 0 240 
1.90735e-06 1 0 1600 
2.14577e-06 1 0 4800 
1.90735e-06 1 0 4800 
1.90735e-06 1 0 14400 
2.14577e-06 1 0 2400 
1.90735e-06 1 0 2400 
1.90735e-06 1 0 7200 
1.90735e-06 1 0 7200 
1.90735e-06 1 0 3600 
2.14577e-06 1 0 480 
1.90735e-06 1 0 2400 
4.05312e-06 1 0 80 
1.90735e-06 1 0 112 
2.14577e-06 1 0 160 
1.90735e-06 1 0 560 
2.14577e-06 1 0 560 
1.90735e-06 1 0 336 
2.14577e-06 1 0 1600 
1.90735e-06 1 0 5600 
1.90735e-06 1 0 5600 
2.86102e-06 1 0 19600 
1.90735e-06 1 0 3360 
1.90735e-06 1 0 3360 
1.90735e-06 1 0 11760 
1.90735e-06 1 0 11760 
1.90735e-06 1 0 7056 
2.14577e-06 1 0 560 
1.90735e-06 1 0 3360 
3.09944e-06 1 0 48 
1.90735e-06 1 0 96 
2.14577e-06 1 0 48 
1.90735e-06 1 0 288 
1.90735e-06 1 0 288 
2.14577e-06 1 0 240 
1.90735e-06 1 0 144 
1.90735e-06 1 0 864 
9.53674e-07 1 0 864 
2.14577e-06 1 0 5184 
2.14577e-06 1 0 720 
1.90735e-06 1 0 720 
2.14577e-06 1 0 4320 
1.90735e-06 1 0 4320 
2.14577e-06 1 0 3600 
1.90735e-06 1 0 288 
9.53674e-07 1 0 720 
4.05312e-06 1 0 48 
2.14577e-06 1 0 96 
2.14577e-06 1 0 48 
1.90735e-06 1 0 288 
1.90735e-06 1 0 288 
9.53674e-07 1 0 240 
1.90735e-06 1 0 144 
9.53674e-07 1 0 864 
1.90735e-06 1 0 864 
2.14577e-06 1 0 5184 
2.14577e-06 1 0 720 
1.90735e-06 1 0 720 
1.90735e-06 1 0 4320 
2.14577e-06 1 0 4320 
1.90735e-06 1 0 3600 
9.53674e-07 1 0 288 
2.14577e-06 1 0 720 
4.05312e-06 1 0 48 
2.14577e-06 1 0 112 
2.14577e-06 1 0 48 
1.90735e-06 1 0 336 
1.90735e-06 1 0 336 
2.14577e-06 1 0 336 
1.90735e-06 1 0 144 
1.90735e-06 1 0 1008 
2.14577e-06 1 0 1008 
1.90735e-06 1 0 7056 
2.14577e-06 1 0 1008 
2.14577e-06 1 0 1008 
1.90735e-06 1 0 7056 
1.90735e-06 1 0 7056 
2.14577e-06 1 0 7056 
1.90735e-06 1 0 336 
2.14577e-06 1 0 1008 
3.09944e-06 1 0 48 
1.90735e-06 1 0 96 
1.90735e-06 1 0 48 
1.90735e-06 1 0 288 
2.14577e-06 1 0 288 
1.90735e-06 1 0 240 
9.53674e-07 1 0 144 
1.90735e-06 1 0 864 
1.90735e-06 1 0 864 
1.90735e-06 1 0 5184 
1.90735e-06 1 0 720 
1.90735e-06 1 0 720 
1.90735e-06 1 0 4320 
1.90735e-06 1 0 4320 
2.14577e-06 1 0 3600 
2.14577e-06 1 0 288 
1.90735e-06 1 0 720 
2.86102e-06 1 0 48 
1.90735e-06 1 0 96 
1.90735e-06 1 0 48 
2.14577e-06 1 0 288 
2.14577e-06 1 0 288 
1.90735e-06 1 0 240 
2.14577e-06 1 0 144 
2.14577e-06 1 0 864 
1.90735e-06 1 0 864 
1.90735e-06 1 0 5184 
2.14577e-06 1 0 720 
2.14577e-06 1 0 720 
1.90735e-06 1 0 4320 
2.14577e-06 1 0 4320 
1.90735e-06 1 0 3600 
1.90735e-06 1 0 288 
1.90735e-06 1 0 720 
4.05312e-06 1 0 64 
2.14577e-06 1 0 112 
1.90735e-06 1 0 96 
2.14577e-06 1 0 448 
2.14577e-06 1 0 448 
1.90735e-06 1 0 336 
1.90735e-06 1 0 576 
2.14577e-06 1 0 2688 
2.14577e-06 1 0 2688 
3.09944e-06 1 0 12544 
1.90735e-06 1 0 2016 
2.14577e-06 1 0 2016 
2.14577e-06 1 0 9408 
1.90735e-06 1 0 9408 
1.90735e-06 1 0 7056 
1.90735e-06 1 0 448 
1.90735e-06 1 0 2016 
4.05312e-06 1 0 64 
2.14577e-06 1 0 96 
2.14577e-06 1 0 96 
2.14577e-06 1 0 384 
1.90735e-06 1 0 384 
1.90735e-06 1 0 240 
2.14577e-06 1 0 576 
1.90735e-06 1 0 2304 
2.14577e-06 1 0 2304 
1.90735e-06 1 0 9216 
1.90735e-06 1 0 1440 
1.90735e-06 1 0 1440 
1.90735e-06 1 0 5760 
1.90735e-06 1 0 5760 
1.90735e-06 1 0 3600 
1.90735e-06 1 0 384 
1.90735e-06 1 0 1440 
4.05312e-06 1 0 64 
1.90735e-06 1 0 96 
2.14577e-06 1 0 96 
2.14577e-06 1 0 384 
1.90735e-06 1 0 384 
1.90735e-06 1 0 240 
9.53674e-07 1 0 576 
1.90735e-06 1 0 2304 
2.14577e-06 1 0 2304 
1.90735e-06 1 0 9216 
2.14577e-06 1 0 1440 
1.90735e-06 1 0 1440 
1.90735e-06 1 0 5760 
1.90735e-06 1 0 5760 
1.90735e-06 1 0 3600 
2.14577e-06 1 0 384 
1.90735e-06 1 0 1440 
2.86102e-06 1 0 64 
2.14577e-06 1 0 112 
2.14577e-06 1 0 96 
2.14577e-06 1 0 448 
9.53674e-07 1 0 448 
1.90735e-06 1 0 336 
1.90735e-06 1 0 576 
1.90735e-06 1 0 2688 
1.90735e-06 1 0 2688 
3.09944e-06 1 0 12544 
1.90735e-06 1 0 2016 
1.90735e-06 1 0 2016 
1.90735e-06 1 0 9408 
2.86102e-06 1 0 9408 
1.90735e-06 1 0 7056 
1.90735e-06 1 0 448 
2.14577e-06 1 0 2016 
2.86102e-06 1 0 80 
1.90735e-06 1 0 96 
2.14577e-06 1 0 160 
1.90735e-06 1 0 480 
1.90735e-06 1 0 480 
1.90735e-06 1 0 240 
2.14577e-06 1 0 1600 
2.14577e-06 1 0 4800 
1.90735e-06 1 0 4800 
3.09944e-06 1 0 14400 
2.14577e-06 1 0 2400 
2.14577e-06 1 0 2400 
2.14577e-06 1 0 7200 
2.14577e-06 1 0 7200 
2.14577e-06 1 0 3600 
1.90735e-06 1 0 480 
1.90735e-06 1 0 2400 
2.86102e-06 1 0 80 
2.14577e-06 1 0 96 
2.14577e-06 1 0 160 
1.90735e-06 1 0 480 
1.90735e-06 1 0 480 
2.14577e-06 1 0 240 
1.90735e-06 1 0 1600 
1.90735e-06 1 0 4800 
2.14577e-06 1 0 4800 
3.09944e-06 1 0 14400 
1.90735e-06 1 0 2400 
1.90735e-06 1 0 2400 
3.09944e-06 1 0 7200 
1.90735e-06 1 0 7200 
2.14577e-06 1 0 3600 
1.90735e-06 1 0 480 
9.53674e-07 1 0 2400 
4.05312e-06 1 0 48 
2.14577e-06 1 0 96 
2.14577e-06 1 0 48 
1.90735e-06 1 0 288 
1.90735e-06 1 0 288 
2.14577e-06 1 0 240 
1.90735e-06 1 0 144 
2.14577e-06 1 0 864 
1.90735e-06 1 0 864 
1.90735e-06 1 0 5184 
2.14577e-06 1 0 720 
1.90735e-06 1 0 720 
2.14577e-06 1 0 4320 
2.14577e-06 1 0 4320 
1.90735e-06 1 0 3600 
2.14577e-06 1 0 288 
1.90735e-06 1 0 720 
4.05312e-06 1 0 48 
2.14577e-06 1 0 96 
1.90735e-06 1 0 48 
9.53674e-07 1 0 288 
1.90735e-06 1 0 288 
2.14577e-06 1 0 240 
2.14577e-06 1 0 144 
2.14577e-06 1 0 864 
1.90735e-06 1 0 864 
3.09944e-06 1 0 5184 
2.14577e-06 1 0 720 
9.53674e-07 1 0 720 
2.14577e-06 1 0 4320 
2.14577e-06 1 0 4320 
1.90735e-06 1 0 3600 
1.90735e-06 1 0 288 
1.90735e-06 1 0 720 
3.8147e-06 1 0 48 
1.90735e-06 1 0 96 
1.90735e-06 1 0 48 
2.14577e-06 1 0 288 
1.90735e-06 1 0 288 
1.90735e-06 1 0 240 
1.90735e-06 1 0 144 
9.53674e-07 1 0 864 
2.14577e-06 1 0 864 
1.90735e-06 1 0 5184 
1.90735e-06 1 0 720 
1.90735e-06 1 0 720 
2.14577e-06 1 0 4320 
1.90735e-06 1 0 4320 
2.14577e-06 1 0 3600 
2.14577e-06 1 0 288 
1.90735e-06 1 0 720 
3.09944e-06 1 0 48 
2.14577e-06 1 0 96 
2.14577e-06 1 0 48 
1.90735e-06 1 0 288 
9.53674e-07 1 0 288 
2.14577e-06 1 0 240 
9.53674e-07 1 0 144 
9.53674e-07 1 0 864 
1.90735e-06 1 0 864 
2.14577e-06 1 0 5184 
2.14577e-06 1 0 720 
1.90735e-06 1 0 720 
2.14577e-06 1 0 4320 
2.14577e-06 1 0 4320 
2.14577e-06 1 0 3600 
2.14577e-06 1 0 288 
1.90735e-06 1 0 720 
3.09944e-06 1 0 48 
1.90735e-06 1 0 96 
2.14577e-06 1 0 48 
1.90735e-06 1 0 288 
1.90735e-06 1 0 288 
2.14577e-06 1 0 240 
1.90735e-06 1 0 144 
1.90735e-06 1 0 864 
1.90735e-06 1 0 864 
2.14577e-06 1 0 5184 
1.90735e-06 1 0 720 
1.90735e-06 1 0 720 
2.14577e-06 1 0 4320 
1.90735e-06 1 0 4320 
2.14577e-06 1 0 3600 
1.90735e-06 1 0 288 
2.14577e-06 1 0 720 
4.05312e-06 1 0 48 
1.90735e-06 1 0 96 
1.90735e-06 1 0 48 
2.14577e-06 1 0 288 
1.90735e-06 1 0 288 
1.90735e-06 1 0 240 
1.90735e-06 1 0 144 
1.90735e-06 1 0 864 
2.14577e-06 1 0 864 
1.90735e-06 1 0 5184 
1.90735e-06 1 0 720 
1.90735e-06 1 0 720 
1.90735e-06 1 0 4320 
1.90735e-06 1 0 4320 
2.14577e-06 1 0 3600 
2.14577e-06 1 0 288 
2.14577e-06 1 0 720 
4.05312e-06 1 0 64 
1.90735e-06 1 0 96 
1.90735e-06 1 0 96 
2.14577e-06 1 0 384 
1.90735e-06 1 0 384 
2.14577e-06 1 0 240 
1.90735e-06 1 0 576 
1.90735e-06 1 0 2304 
1.90735e-06 1 0 2304 
2.14577e-06 1 0 9216 
1.90735e-06 1 0 1440 
1.90735e-06 1 0 1440 
2.14577e-06 1 0 5760 
1.90735e-06 1 0 5760 
2.14577e-06 1 0 3600 
1.90735e-06 1 0 384 
1.90735e-06 1 0 1440 
4.05312e-06 1 0 64 
1.90735e-06 1 0 96 
2.14577e-06 1 0 96 
2.14577e-06 1 0 384 
2.14577e-06 1 0 384 
1.90735e-06 1 0 240 
1.90735e-06 1 0 576 
2.14577e-06 1 0 2304 
1.90735e-06 1 0 2304 
1.90735e-06 1 0 9216 
1.90735e-06 1 0 1440 
1.90735e-06 1 0 1440 
2.14577e-06 1 0 5760 
2.14577e-06 1 0 5760 
1.90735e-06 1 0 3600 
1.90735e-06 1 0 384 
2.14577e-06 1 0 1440 
