9.15527e-15 0 7.32422e-14 
1.28746e-05 1 0 8 
9.53674e-07 1 0 8 
1.90735e-06 1 0 8 
9.53674e-07 1 0 8 
2.14577e-06 1 0 8 
0 1 0 8 
2.14577e-06 1 0 8 
9.53674e-07 1 0 8 
1.90735e-06 1 0 8 
0 1 0 8 
1.90735e-06 1 0 8 
9.53674e-07 1 0 8 
2.14577e-06 1 0 8 
1.19209e-06 1 0 8 
9.53674e-07 1 0 8 
9.53674e-07 1 0 8 
9.53674e-07 1 0 8 
9.53674e-07 1 0 8 
1.90735e-06 1 0 8 
1.19209e-06 1 0 8 
2.14577e-06 1 0 8 
0 1 0 8 
9.53674e-07 1 0 8 
0 1 0 8 
9.53674e-07 1 0 8 
1.19209e-06 1 0 8 
1.90735e-06 1 0 8 
9.53674e-07 1 0 8 
9.53674e-07 1 0 8 
9.53674e-07 1 0 8 
9.53674e-07 1 0 8 
0 1 0 8 
9.53674e-07 1 0 8 
9.53674e-07 1 0 8 
1.90735e-06 1 0 8 
1.19209e-06 1 0 8 
9.53674e-07 1 0 8 
9.53674e-07 1 0 8 
9.53674e-07 1 0 8 
0 1 0 8 
1.90735e-06 1 0 8 
1.19209e-06 1 0 8 
9.53674e-07 1 0 8 
9.53674e-07 1 0 8 
9.53674e-07 1 0 8 
9.53674e-07 1 0 8 
1.19209e-06 1 0 8 
9.53674e-07 1 0 8 
9.53674e-07 1 0 8 
1.19209e-06 1 0 8 
1.90735e-06 1 0 8 
9.53674e-07 1 0 8 
2.14577e-06 1 0 8 
9.53674e-07 1 0 8 
1.90735e-06 1 0 8 
0 1 0 8 
9.53674e-07 1 0 8 
9.53674e-07 1 0 8 
1.90735e-06 1 0 8 
9.53674e-07 1 0 8 
2.86102e-06 1 0 8 
1.19209e-06 1 0 8 
9.53674e-07 1 0 8 
9.53674e-07 1 0 8 
2.14577e-06 1 0 8 
9.53674e-07 1 0 8 
1.90735e-06 1 0 8 
9.53674e-07 1 0 8 
