1.0087e-13 1.62531e-10 
1.5974e-05 1 5329 
4.05312e-06 1 1460 
1.90735e-06 1 1460 
5.96046e-06 1 5329 
6.38962e-05 1 5329 
9.05991e-06 1 1460 
3.8147e-06 1 1460 
9.05991e-06 1 5329 
3.91006e-05 1 5329 
4.05312e-06 1 1460 
3.09944e-06 1 1460 
5.96046e-06 1 5329 
1.19209e-05 1 5329 
4.05312e-06 1 1460 
2.14577e-06 1 1460 
5.96046e-06 1 5329 
1.50204e-05 1 5329 
5.00679e-06 1 1460 
3.8147e-06 1 1460 
6.91414e-06 1 5329 
5.00679e-06 1 324 
2.86102e-06 1 324 
4.05312e-06 1 324 
9.53674e-07 1 18 
2.86102e-06 1 324 
1.90735e-06 1 18 
2.86102e-06 1 189 
1.90735e-06 1 189 
2.86102e-06 1 162 
9.53674e-07 1 18 
1.90735e-06 1 162 
1.90735e-06 1 18 
4.05312e-06 1 216 
2.14577e-06 1 36 
2.14577e-06 1 36 
1.90735e-06 1 216 
5.00679e-06 1 648 
2.14577e-06 1 18 
3.09944e-06 1 648 
1.90735e-06 1 18 
4.05312e-06 1 378 
1.90735e-06 1 378 
3.8147e-06 1 648 
2.14577e-06 1 18 
3.8147e-06 1 648 
9.53674e-07 1 18 
4.05312e-06 1 324 
3.09944e-06 1 324 
3.09944e-06 1 324 
2.86102e-06 1 324 
3.09944e-06 1 324 
3.09944e-06 1 324 
4.05312e-06 1 324 
2.86102e-06 1 324 
5.00679e-06 1 324 
1.90735e-06 1 18 
3.8147e-06 1 324 
1.90735e-06 1 18 
4.05312e-06 1 324 
9.53674e-07 1 18 
3.09944e-06 1 324 
2.14577e-06 1 18 
2.86102e-06 1 216 
2.14577e-06 1 18 
2.14577e-06 1 18 
1.90735e-06 1 216 
3.8147e-06 1 189 
1.90735e-06 1 189 
2.86102e-06 1 108 
2.14577e-06 1 108 
3.8147e-06 1 324 
3.8147e-06 1 324 
3.09944e-06 1 324 
4.05312e-06 1 324 
2.86102e-06 1 324 
3.09944e-06 1 324 
3.8147e-06 1 378 
3.09944e-06 1 189 
3.09944e-06 1 189 
4.05312e-06 1 378 
1.90735e-05 1 5329 
5.96046e-06 1 1460 
2.14577e-06 1 1460 
5.96046e-06 1 5329 
1.09673e-05 1 5329 
4.05312e-06 1 1460 
2.86102e-06 1 1460 
5.00679e-06 1 5329 
1.09673e-05 1 5329 
3.09944e-06 1 1460 
2.14577e-06 1 1460 
5.96046e-06 1 5329 
1.09673e-05 1 5329 
3.8147e-06 1 1460 
3.09944e-06 1 1460 
5.00679e-06 1 5329 
1.12057e-05 1 5329 
3.8147e-06 1 1460 
3.09944e-06 1 1460 
6.19888e-06 1 5329 
5.00679e-06 1 324 
3.8147e-06 1 324 
2.86102e-06 1 189 
1.90735e-06 1 126 
3.09944e-06 1 189 
2.14577e-06 1 126 
2.86102e-06 1 189 
3.09944e-06 1 126 
1.90735e-06 1 189 
1.90735e-06 1 126 
3.09944e-06 1 126 
2.86102e-06 1 216 
1.90735e-06 1 126 
1.90735e-06 1 216 
2.14577e-06 1 126 
1.90735e-06 1 216 
1.90735e-06 1 126 
2.86102e-06 1 216 
3.8147e-06 1 324 
1.90735e-06 1 18 
3.09944e-06 1 324 
1.90735e-06 1 18 
3.09944e-06 1 126 
3.09944e-06 1 189 
1.90735e-06 1 126 
2.86102e-06 1 189 
9.53674e-07 1 126 
2.14577e-06 1 189 
2.14577e-06 1 126 
3.09944e-06 1 189 
3.09944e-06 1 189 
2.86102e-06 1 189 
1.90735e-06 1 189 
1.90735e-06 1 189 
3.09944e-06 1 162 
1.90735e-06 1 18 
2.14577e-06 1 162 
1.19209e-06 1 18 
1.90735e-06 1 126 
3.09944e-06 1 216 
1.90735e-06 1 126 
2.14577e-06 1 216 
2.14577e-06 1 126 
1.90735e-06 1 216 
2.14577e-06 1 126 
1.90735e-06 1 216 
4.05312e-06 1 216 
2.14577e-06 1 36 
1.90735e-06 1 36 
1.90735e-06 1 216 
2.86102e-06 1 378 
4.05312e-06 1 648 
2.14577e-06 1 378 
4.05312e-06 1 648 
2.14577e-06 1 378 
2.86102e-06 1 648 
9.53674e-07 1 378 
4.05312e-06 1 648 
5.00679e-06 1 648 
1.90735e-06 1 18 
4.05312e-06 1 648 
1.19209e-06 1 18 
4.05312e-06 1 378 
2.14577e-06 1 378 
2.86102e-06 1 378 
4.05312e-06 1 648 
1.90735e-06 1 378 
3.8147e-06 1 648 
1.90735e-06 1 378 
3.09944e-06 1 648 
1.90735e-06 1 378 
3.8147e-06 1 648 
3.8147e-06 1 648 
1.90735e-06 1 18 
3.8147e-06 1 648 
1.90735e-06 1 18 
3.09944e-06 1 126 
2.14577e-06 1 216 
2.14577e-06 1 126 
3.09944e-06 1 216 
1.90735e-06 1 126 
3.09944e-06 1 216 
1.90735e-06 1 126 
1.90735e-06 1 216 
3.09944e-06 1 126 
2.86102e-06 1 189 
1.90735e-06 1 126 
2.14577e-06 1 189 
2.14577e-06 1 126 
1.90735e-06 1 189 
9.53674e-07 1 126 
2.86102e-06 1 189 
3.8147e-06 1 324 
3.09944e-06 1 324 
3.09944e-06 1 324 
4.05312e-06 1 324 
2.14577e-06 1 324 
3.09944e-06 1 324 
5.00679e-06 1 324 
3.8147e-06 1 324 
5.00679e-06 1 324 
2.14577e-06 1 18 
4.05312e-06 1 324 
1.19209e-06 1 18 
2.14577e-06 1 126 
2.86102e-06 1 189 
2.14577e-06 1 126 
2.14577e-06 1 189 
9.53674e-07 1 126 
2.14577e-06 1 189 
1.19209e-06 1 126 
1.90735e-06 1 189 
4.05312e-06 1 324 
9.53674e-07 1 18 
3.09944e-06 1 324 
1.90735e-06 1 18 
3.8147e-06 1 216 
9.53674e-07 1 18 
2.14577e-06 1 18 
3.09944e-06 1 216 
3.09944e-06 1 126 
2.86102e-06 1 189 
1.19209e-06 1 126 
2.14577e-06 1 189 
1.90735e-06 1 126 
2.14577e-06 1 189 
1.19209e-06 1 126 
1.90735e-06 1 189 
4.05312e-06 1 189 
1.90735e-06 1 189 
1.90735e-06 1 108 
1.90735e-06 1 108 
1.90735e-06 1 126 
2.86102e-06 1 189 
2.14577e-06 1 126 
3.09944e-06 1 189 
1.90735e-06 1 126 
2.14577e-06 1 189 
2.14577e-06 1 126 
1.90735e-06 1 189 
1.09673e-05 1 324 
3.09944e-06 1 324 
3.09944e-06 1 324 
3.09944e-06 1 324 
3.09944e-06 1 324 
3.09944e-06 1 324 
1.90735e-06 1 189 
2.14577e-06 1 126 
2.14577e-06 1 189 
2.14577e-06 1 126 
1.90735e-06 1 189 
9.53674e-07 1 126 
2.86102e-06 1 189 
1.90735e-06 1 126 
3.8147e-06 1 378 
1.90735e-06 1 189 
1.90735e-06 1 189 
4.05312e-06 1 378 
1.90735e-06 1 189 
2.14577e-06 1 126 
2.86102e-06 1 189 
1.90735e-06 1 126 
3.09944e-06 1 189 
1.90735e-06 1 126 
1.90735e-06 1 189 
1.90735e-06 1 126 
2.14577e-06 1 126 
3.09944e-06 1 189 
1.90735e-06 1 126 
1.90735e-06 1 189 
9.53674e-07 1 126 
1.90735e-06 1 189 
1.90735e-06 1 126 
1.90735e-06 1 189 
3.09944e-06 1 189 
1.90735e-06 1 126 
3.09944e-06 1 189 
2.14577e-06 1 126 
2.14577e-06 1 189 
1.90735e-06 1 126 
1.90735e-06 1 189 
2.14577e-06 1 126 
2.86102e-06 1 216 
1.90735e-06 1 216 
2.14577e-06 1 216 
2.14577e-06 1 216 
1.90735e-06 1 18 
2.14577e-06 1 18 
1.90735e-06 1 126 
2.14577e-06 1 189 
1.90735e-06 1 126 
1.90735e-06 1 189 
9.53674e-07 1 126 
1.90735e-06 1 189 
9.53674e-07 1 126 
1.90735e-06 1 189 
1.90735e-06 1 126 
3.09944e-06 1 189 
2.14577e-06 1 126 
2.14577e-06 1 189 
9.53674e-07 1 126 
1.90735e-06 1 189 
1.90735e-06 1 126 
2.14577e-06 1 189 
3.09944e-06 1 189 
9.53674e-07 1 126 
1.90735e-06 1 189 
9.53674e-07 1 126 
3.09944e-06 1 189 
1.90735e-06 1 126 
1.90735e-06 1 189 
2.14577e-06 1 126 
