2.00855e-13 3.89005e-10 3.24171e-11 
2.19345e-05 1 34200 2850 
3.09944e-06 1 456 38 
1.50204e-05 1 30600 2550 
5.00679e-06 1 408 34 
1.5974e-05 1 30600 2550 
5.96046e-06 1 408 34 
1.5974e-05 1 30600 2550 
2.86102e-06 1 408 34 
1.28746e-05 1 30600 2550 
3.09944e-06 1 408 34 
1.28746e-05 1 30600 2550 
3.09944e-06 1 408 34 
5.00679e-06 1 480 40 
4.05312e-06 1 480 40 
5.96046e-06 1 480 40 
4.05312e-06 1 480 40 
3.09944e-06 1 480 40 
2.86102e-06 1 600 50 
3.09944e-06 1 600 50 
3.09944e-06 1 600 50 
2.86102e-06 1 600 50 
3.09944e-06 1 600 50 
3.60012e-05 1 94248 7854 
4.05312e-06 1 504 42 
3.00407e-05 1 85272 7106 
2.86102e-06 1 456 38 
3.31402e-05 1 85272 7106 
8.10623e-06 1 456 38 
3.31402e-05 1 85272 7106 
4.05312e-06 1 456 38 
3.21865e-05 1 85272 7106 
2.86102e-06 1 456 38 
3.00407e-05 1 85272 7106 
2.86102e-06 1 456 38 
3.09944e-06 1 528 44 
3.8147e-06 1 528 44 
3.09944e-06 1 528 44 
3.09944e-06 1 528 44 
3.09944e-06 1 528 44 
2.86102e-06 1 648 54 
4.05312e-06 1 648 54 
2.86102e-06 1 648 54 
2.86102e-06 1 648 54 
2.86102e-06 1 648 54 
1.50204e-05 1 34200 2850 
3.09944e-06 1 456 38 
1.40667e-05 1 30600 2550 
2.14577e-06 1 408 34 
1.3113e-05 1 30600 2550 
3.09944e-06 1 408 34 
1.40667e-05 1 30600 2550 
3.09944e-06 1 408 34 
1.40667e-05 1 30600 2550 
4.05312e-06 1 408 34 
1.38283e-05 1 30600 2550 
3.09944e-06 1 408 34 
4.05312e-06 1 480 40 
3.09944e-06 1 480 40 
3.09944e-06 1 480 40 
2.86102e-06 1 480 40 
3.09944e-06 1 480 40 
3.09944e-06 1 600 50 
3.09944e-06 1 600 50 
3.09944e-06 1 600 50 
3.09944e-06 1 600 50 
3.09944e-06 1 600 50 
2.40803e-05 1 66024 5502 
4.05312e-06 1 504 42 
2.19345e-05 1 59736 4978 
3.09944e-06 1 456 38 
2.28882e-05 1 59736 4978 
4.05312e-06 1 456 38 
3.00407e-05 1 59736 4978 
4.05312e-06 1 456 38 
2.28882e-05 1 59736 4978 
3.09944e-06 1 456 38 
2.40803e-05 1 59736 4978 
4.05312e-06 1 456 38 
3.09944e-06 1 528 44 
3.09944e-06 1 528 44 
3.09944e-06 1 528 44 
3.09944e-06 1 528 44 
3.09944e-06 1 528 44 
6.91414e-06 1 648 54 
4.05312e-06 1 648 54 
4.05312e-06 1 648 54 
2.86102e-06 1 648 54 
2.86102e-06 1 648 54 
4.60148e-05 1 126408 10534 
2.86102e-06 1 552 46 
3.91006e-05 1 115416 9618 
3.09944e-06 1 504 42 
3.98159e-05 1 115416 9618 
4.05312e-06 1 504 42 
4.19617e-05 1 115416 9618 
3.09944e-06 1 504 42 
4.1008e-05 1 115416 9618 
2.86102e-06 1 504 42 
3.91006e-05 1 115416 9618 
2.86102e-06 1 504 42 
2.86102e-06 1 576 48 
2.86102e-06 1 576 48 
3.09944e-06 1 576 48 
3.09944e-06 1 576 48 
3.09944e-06 1 576 48 
4.05312e-06 1 696 58 
2.86102e-06 1 696 58 
3.09944e-06 1 696 58 
3.09944e-06 1 696 58 
2.86102e-06 1 696 58 
2.90871e-05 1 77400 6450 
4.05312e-06 1 1032 86 
2.59876e-05 1 73800 6150 
2.86102e-06 1 984 82 
2.59876e-05 1 73800 6150 
4.05312e-06 1 984 82 
2.69413e-05 1 73800 6150 
3.8147e-06 1 984 82 
9.29832e-05 1 73800 6150 
4.05312e-06 1 984 82 
2.81334e-05 1 73800 6150 
4.05312e-06 1 984 82 
3.09944e-06 1 1056 88 
2.86102e-06 1 1056 88 
2.86102e-06 1 1056 88 
3.09944e-06 1 1056 88 
2.86102e-06 1 1056 88 
3.09944e-06 1 1176 98 
4.05312e-06 1 1176 98 
2.86102e-06 1 1176 98 
3.09944e-06 1 1176 98 
4.05312e-06 1 1176 98 
4.69685e-05 1 141480 11790 
2.86102e-06 1 1080 90 
4.69685e-05 1 135192 11266 
3.09944e-06 1 1032 86 
5.19753e-05 1 135192 11266 
5.96046e-06 1 1032 86 
4.60148e-05 1 135192 11266 
3.09944e-06 1 1032 86 
5.29289e-05 1 135192 11266 
4.05312e-06 1 1032 86 
4.79221e-05 1 135192 11266 
3.09944e-06 1 1032 86 
4.05312e-06 1 1104 92 
3.09944e-06 1 1104 92 
3.09944e-06 1 1104 92 
3.09944e-06 1 1104 92 
3.09944e-06 1 1104 92 
3.09944e-06 1 1224 102 
3.09944e-06 1 1224 102 
4.05312e-06 1 1224 102 
2.86102e-06 1 1224 102 
2.86102e-06 1 1224 102 
1.50204e-05 1 34200 2850 
2.86102e-06 1 456 38 
1.3113e-05 1 30600 2550 
3.09944e-06 1 408 34 
1.3113e-05 1 30600 2550 
2.86102e-06 1 408 34 
1.5974e-05 1 30600 2550 
2.86102e-06 1 408 34 
1.40667e-05 1 30600 2550 
5.96046e-06 1 408 34 
1.50204e-05 1 30600 2550 
3.09944e-06 1 408 34 
3.09944e-06 1 480 40 
3.09944e-06 1 480 40 
3.09944e-06 1 480 40 
2.86102e-06 1 480 40 
3.09944e-06 1 480 40 
3.09944e-06 1 600 50 
2.86102e-06 1 600 50 
3.09944e-06 1 600 50 
2.86102e-06 1 600 50 
2.86102e-06 1 600 50 
2.00272e-05 1 51912 4326 
4.05312e-06 1 504 42 
1.90735e-05 1 46968 3914 
3.09944e-06 1 456 38 
1.78814e-05 1 46968 3914 
5.00679e-06 1 456 38 
2.00272e-05 1 46968 3914 
1.71661e-05 1 456 38 
1.90735e-05 1 46968 3914 
3.09944e-06 1 456 38 
5.6982e-05 1 46968 3914 
3.8147e-06 1 456 38 
2.86102e-06 1 528 44 
2.86102e-06 1 528 44 
2.86102e-06 1 528 44 
3.09944e-06 1 528 44 
3.09944e-06 1 528 44 
3.09944e-06 1 648 54 
3.09944e-06 1 648 54 
3.09944e-06 1 648 54 
3.09944e-06 1 648 54 
3.09944e-06 1 648 54 
2.81334e-05 1 77832 6486 
3.09944e-06 1 552 46 
2.69413e-05 1 71064 5922 
3.09944e-06 1 504 42 
5.48363e-05 1 71064 5922 
4.05312e-06 1 504 42 
3.00407e-05 1 71064 5922 
3.09944e-06 1 504 42 
2.81334e-05 1 71064 5922 
1.90735e-05 1 504 42 
2.7895e-05 1 71064 5922 
3.09944e-06 1 504 42 
2.86102e-06 1 576 48 
3.09944e-06 1 576 48 
3.09944e-06 1 576 48 
3.09944e-06 1 576 48 
4.05312e-06 1 576 48 
3.09944e-06 1 696 58 
3.09944e-06 1 696 58 
2.86102e-06 1 696 58 
3.09944e-06 1 696 58 
2.86102e-06 1 696 58 
2.28882e-05 1 61200 5100 
3.09944e-06 1 816 68 
2.19345e-05 1 57600 4800 
3.8147e-06 1 768 64 
2.21729e-05 1 57600 4800 
6.19888e-06 1 768 64 
2.28882e-05 1 57600 4800 
4.05312e-06 1 768 64 
8.10623e-05 1 57600 4800 
4.05312e-06 1 768 64 
2.40803e-05 1 57600 4800 
2.86102e-06 1 768 64 
3.8147e-06 1 840 70 
3.09944e-06 1 840 70 
3.09944e-06 1 840 70 
3.09944e-06 1 840 70 
3.09944e-06 1 840 70 
3.09944e-06 1 960 80 
3.09944e-06 1 960 80 
2.86102e-06 1 960 80 
3.09944e-06 1 960 80 
3.09944e-06 1 960 80 
3.09944e-05 1 88992 7416 
3.09944e-06 1 864 72 
3.00407e-05 1 84048 7004 
3.09944e-06 1 816 68 
2.90871e-05 1 84048 7004 
5.00679e-06 1 816 68 
3.50475e-05 1 84048 7004 
4.05312e-06 1 816 68 
3.00407e-05 1 84048 7004 
4.05312e-06 1 816 68 
3.09944e-05 1 84048 7004 
3.09944e-06 1 816 68 
4.05312e-06 1 888 74 
4.05312e-06 1 888 74 
3.09944e-06 1 888 74 
2.86102e-06 1 888 74 
3.09944e-06 1 888 74 
2.86102e-06 1 1008 84 
3.09944e-06 1 1008 84 
2.86102e-06 1 1008 84 
4.05312e-06 1 1008 84 
2.86102e-06 1 1008 84 
4.60148e-05 1 128592 10716 
2.86102e-06 1 912 76 
5.10216e-05 1 121824 10152 
3.09944e-06 1 864 72 
4.79221e-05 1 121824 10152 
5.00679e-06 1 864 72 
4.19617e-05 1 121824 10152 
2.86102e-06 1 864 72 
5.00679e-05 1 121824 10152 
5.00679e-06 1 864 72 
4.48227e-05 1 121824 10152 
3.09944e-06 1 864 72 
3.09944e-06 1 936 78 
3.8147e-06 1 936 78 
2.86102e-06 1 936 78 
2.86102e-06 1 936 78 
3.09944e-06 1 936 78 
3.09944e-06 1 1056 88 
3.09944e-06 1 1056 88 
4.05312e-06 1 1056 88 
2.86102e-06 1 1056 88 
3.09944e-06 1 1056 88 
3.50475e-05 1 99000 8250 
3.09944e-06 1 1320 110 
3.31402e-05 1 95400 7950 
4.05312e-06 1 1272 106 
3.31402e-05 1 95400 7950 
4.05312e-06 1 1272 106 
3.88622e-05 1 95400 7950 
4.05312e-06 1 1272 106 
3.50475e-05 1 95400 7950 
4.05312e-06 1 1272 106 
4.00543e-05 1 95400 7950 
3.8147e-06 1 1272 106 
3.8147e-06 1 1344 112 
4.05312e-06 1 1344 112 
2.86102e-06 1 1344 112 
2.86102e-06 1 1344 112 
2.86102e-06 1 1344 112 
2.86102e-06 1 1464 122 
2.86102e-06 1 1464 122 
2.86102e-06 1 1464 122 
3.09944e-06 1 1464 122 
3.09944e-06 1 1464 122 
5.10216e-05 1 140904 11742 
3.8147e-06 1 1368 114 
5.00679e-05 1 135960 11330 
4.05312e-06 1 1320 110 
5.19753e-05 1 135960 11330 
4.05312e-06 1 1320 110 
4.88758e-05 1 135960 11330 
4.05312e-06 1 1320 110 
5.10216e-05 1 135960 11330 
4.05312e-06 1 1320 110 
4.88758e-05 1 135960 11330 
4.05312e-06 1 1320 110 
3.8147e-06 1 1392 116 
2.86102e-06 1 1392 116 
4.05312e-06 1 1392 116 
2.86102e-06 1 1392 116 
3.8147e-06 1 1392 116 
2.86102e-06 1 1512 126 
3.09944e-06 1 1512 126 
4.05312e-06 1 1512 126 
3.09944e-06 1 1512 126 
3.09944e-06 1 1512 126 
1.50204e-05 1 34200 2850 
3.09944e-06 1 456 38 
1.3113e-05 1 30600 2550 
1.90735e-06 1 408 34 
1.38283e-05 1 30600 2550 
2.86102e-06 1 408 34 
1.50204e-05 1 30600 2550 
5.00679e-06 1 408 34 
1.40667e-05 1 30600 2550 
3.09944e-06 1 408 34 
1.3113e-05 1 30600 2550 
2.19345e-05 1 408 34 
4.05312e-06 1 480 40 
3.09944e-06 1 480 40 
3.09944e-06 1 480 40 
2.86102e-06 1 480 40 
2.86102e-06 1 480 40 
2.86102e-06 1 600 50 
3.09944e-06 1 600 50 
2.86102e-06 1 600 50 
2.86102e-06 1 600 50 
3.09944e-06 1 600 50 
1.78814e-05 1 44856 3738 
4.05312e-06 1 504 42 
1.69277e-05 1 40584 3382 
3.09944e-06 1 456 38 
1.5974e-05 1 40584 3382 
2.86102e-06 1 456 38 
1.90735e-05 1 40584 3382 
5.00679e-06 1 456 38 
1.69277e-05 1 40584 3382 
5.96046e-06 1 456 38 
1.97887e-05 1 40584 3382 
3.09944e-06 1 456 38 
4.05312e-06 1 528 44 
2.86102e-06 1 528 44 
3.09944e-06 1 528 44 
2.86102e-06 1 528 44 
3.09944e-06 1 528 44 
4.05312e-06 1 648 54 
2.86102e-06 1 648 54 
3.09944e-06 1 648 54 
3.09944e-06 1 648 54 
2.86102e-06 1 648 54 
2.28882e-05 1 57960 4830 
2.86102e-06 1 552 46 
2.09808e-05 1 52920 4410 
2.86102e-06 1 504 42 
2.00272e-05 1 52920 4410 
5.00679e-06 1 504 42 
2.12193e-05 1 52920 4410 
4.05312e-06 1 504 42 
2.12193e-05 1 52920 4410 
3.8147e-06 1 504 42 
2.09808e-05 1 52920 4410 
3.09944e-06 1 504 42 
3.09944e-06 1 576 48 
3.09944e-06 1 576 48 
3.09944e-06 1 576 48 
3.09944e-06 1 576 48 
2.86102e-06 1 576 48 
3.09944e-06 1 696 58 
3.09944e-06 1 696 58 
3.09944e-06 1 696 58 
3.09944e-06 1 696 58 
4.05312e-06 1 696 58 
2.09808e-05 1 52200 4350 
3.09944e-06 1 696 58 
1.90735e-05 1 48600 4050 
3.09944e-06 1 648 54 
1.90735e-05 1 48600 4050 
5.96046e-06 1 648 54 
2.09808e-05 1 48600 4050 
5.00679e-06 1 648 54 
2.09808e-05 1 48600 4050 
2.86102e-06 1 648 54 
2.00272e-05 1 48600 4050 
5.00679e-06 1 648 54 
3.09944e-06 1 720 60 
3.09944e-06 1 720 60 
2.86102e-06 1 720 60 
3.09944e-06 1 720 60 
2.86102e-06 1 720 60 
2.86102e-06 1 840 70 
1.69277e-05 1 840 70 
2.86102e-06 1 840 70 
3.09944e-06 1 840 70 
2.86102e-06 1 840 70 
2.5034e-05 1 66216 5518 
3.09944e-06 1 744 62 
2.31266e-05 1 61944 5162 
3.09944e-06 1 696 58 
2.19345e-05 1 61944 5162 
6.19888e-06 1 696 58 
3.79086e-05 1 61944 5162 
3.8147e-06 1 696 58 
2.28882e-05 1 61944 5162 
3.8147e-06 1 696 58 
2.81334e-05 1 61944 5162 
3.09944e-06 1 696 58 
2.86102e-06 1 768 64 
4.05312e-06 1 768 64 
2.86102e-06 1 768 64 
4.05312e-06 1 768 64 
2.86102e-06 1 768 64 
3.09944e-06 1 888 74 
4.05312e-06 1 888 74 
3.09944e-06 1 888 74 
4.05312e-06 1 888 74 
3.09944e-06 1 888 74 
2.88486e-05 1 83160 6930 
4.05312e-06 1 792 66 
2.81334e-05 1 78120 6510 
4.05312e-06 1 744 62 
2.7895e-05 1 78120 6510 
3.8147e-06 1 744 62 
3.31402e-05 1 78120 6510 
4.05312e-06 1 744 62 
2.81334e-05 1 78120 6510 
4.05312e-06 1 744 62 
2.88486e-05 1 78120 6510 
4.05312e-06 1 744 62 
3.09944e-06 1 816 68 
3.09944e-06 1 816 68 
3.09944e-06 1 816 68 
2.86102e-06 1 816 68 
2.86102e-06 1 816 68 
3.09944e-06 1 936 78 
4.05312e-06 1 936 78 
4.05312e-06 1 936 78 
2.86102e-06 1 936 78 
4.05312e-06 1 936 78 
2.7895e-05 1 73800 6150 
2.86102e-06 1 984 82 
2.47955e-05 1 70200 5850 
4.05312e-06 1 936 78 
2.59876e-05 1 70200 5850 
5.00679e-06 1 936 78 
2.7895e-05 1 70200 5850 
3.8147e-06 1 936 78 
3.00407e-05 1 70200 5850 
4.05312e-06 1 936 78 
2.71797e-05 1 70200 5850 
3.09944e-06 1 936 78 
2.86102e-06 1 1008 84 
4.05312e-06 1 1008 84 
4.05312e-06 1 1008 84 
4.05312e-06 1 1008 84 
3.09944e-06 1 1008 84 
3.09944e-06 1 1128 94 
3.09944e-06 1 1128 94 
2.86102e-06 1 1128 94 
3.09944e-06 1 1128 94 
3.09944e-06 1 1128 94 
3.19481e-05 1 91848 7654 
2.86102e-06 1 1032 86 
3.09944e-05 1 87576 7298 
2.86102e-06 1 984 82 
3.09944e-05 1 87576 7298 
3.8147e-06 1 984 82 
3.79086e-05 1 87576 7298 
3.8147e-06 1 984 82 
3.19481e-05 1 87576 7298 
4.05312e-06 1 984 82 
3.38554e-05 1 87576 7298 
2.86102e-06 1 984 82 
2.86102e-06 1 1056 88 
3.8147e-06 1 1056 88 
3.09944e-06 1 1056 88 
3.09944e-06 1 1056 88 
3.09944e-06 1 1056 88 
4.05312e-06 1 1176 98 
3.09944e-06 1 1176 98 
2.86102e-06 1 1176 98 
4.05312e-06 1 1176 98 
3.09944e-06 1 1176 98 
3.91006e-05 1 113400 9450 
2.86102e-06 1 1080 90 
3.71933e-05 1 108360 9030 
3.09944e-06 1 1032 86 
4.00543e-05 1 108360 9030 
4.05312e-06 1 1032 86 
3.91006e-05 1 108360 9030 
5.00679e-06 1 1032 86 
4.1008e-05 1 108360 9030 
4.05312e-06 1 1032 86 
3.91006e-05 1 108360 9030 
3.8147e-06 1 1032 86 
2.86102e-06 1 1104 92 
2.86102e-06 1 1104 92 
4.05312e-06 1 1104 92 
3.09944e-06 1 1104 92 
3.09944e-06 1 1104 92 
2.86102e-06 1 1224 102 
3.8147e-06 1 1224 102 
3.09944e-06 1 1224 102 
3.09944e-06 1 1224 102 
2.86102e-06 1 1224 102 
4.1008e-05 1 99000 8250 
2.86102e-06 1 1320 110 
3.40939e-05 1 95400 7950 
3.09944e-06 1 1272 106 
3.40939e-05 1 95400 7950 
4.05312e-06 1 1272 106 
3.69549e-05 1 95400 7950 
3.8147e-06 1 1272 106 
3.71933e-05 1 95400 7950 
4.05312e-06 1 1272 106 
3.60012e-05 1 95400 7950 
4.05312e-06 1 1272 106 
2.86102e-06 1 1344 112 
3.09944e-06 1 1344 112 
3.09944e-06 1 1344 112 
2.86102e-06 1 1344 112 
4.05312e-06 1 1344 112 
4.05312e-06 1 1464 122 
3.09944e-06 1 1464 122 
3.8147e-06 1 1464 122 
3.09944e-06 1 1464 122 
4.05312e-06 1 1464 122 
4.19617e-05 1 121752 10146 
4.05312e-06 1 1368 114 
4.00543e-05 1 117480 9790 
4.05312e-06 1 1320 110 
3.98159e-05 1 117480 9790 
5.00679e-06 1 1320 110 
4.1008e-05 1 117480 9790 
3.09944e-06 1 1320 110 
6.69956e-05 1 117480 9790 
5.00679e-06 1 1320 110 
4.19617e-05 1 117480 9790 
4.05312e-06 1 1320 110 
5.00679e-06 1 1392 116 
4.05312e-06 1 1392 116 
4.05312e-06 1 1392 116 
4.05312e-06 1 1392 116 
2.86102e-06 1 1392 116 
4.05312e-06 1 1512 126 
4.05312e-06 1 1512 126 
2.86102e-06 1 1512 126 
2.86102e-06 1 1512 126 
4.05312e-06 1 1512 126 
1.40667e-05 1 34200 2850 
3.09944e-06 1 456 38 
1.28746e-05 1 30600 2550 
2.86102e-06 1 408 34 
1.3113e-05 1 30600 2550 
2.86102e-06 1 408 34 
1.5974e-05 1 30600 2550 
3.09944e-06 1 408 34 
1.4782e-05 1 30600 2550 
4.05312e-06 1 408 34 
1.3113e-05 1 30600 2550 
5.00679e-06 1 408 34 
3.09944e-06 1 480 40 
4.05312e-06 1 480 40 
2.86102e-06 1 480 40 
3.09944e-06 1 480 40 
2.86102e-06 1 480 40 
2.86102e-06 1 600 50 
3.09944e-06 1 600 50 
2.86102e-06 1 600 50 
3.09944e-06 1 600 50 
3.09944e-06 1 600 50 
1.81198e-05 1 41328 3444 
2.86102e-06 1 504 42 
1.5974e-05 1 37392 3116 
3.09944e-06 1 456 38 
1.50204e-05 1 37392 3116 
5.96046e-06 1 456 38 
1.81198e-05 1 37392 3116 
3.8147e-06 1 456 38 
1.50204e-05 1 37392 3116 
3.09944e-06 1 456 38 
2.09808e-05 1 37392 3116 
4.05312e-06 1 456 38 
2.86102e-06 1 528 44 
2.86102e-06 1 528 44 
3.09944e-06 1 528 44 
2.86102e-06 1 528 44 
2.86102e-06 1 528 44 
3.09944e-06 1 648 54 
3.09944e-06 1 648 54 
2.86102e-06 1 648 54 
2.86102e-06 1 648 54 
2.86102e-06 1 648 54 
1.90735e-05 1 49128 4094 
3.09944e-06 1 552 46 
1.69277e-05 1 44856 3738 
3.09944e-06 1 504 42 
1.78814e-05 1 44856 3738 
5.00679e-06 1 504 42 
1.88351e-05 1 44856 3738 
4.05312e-06 1 504 42 
1.78814e-05 1 44856 3738 
5.96046e-06 1 504 42 
1.90735e-05 1 44856 3738 
3.09944e-06 1 504 42 
3.09944e-06 1 576 48 
4.05312e-06 1 576 48 
2.86102e-06 1 576 48 
3.09944e-06 1 576 48 
4.05312e-06 1 576 48 
2.86102e-06 1 696 58 
3.09944e-06 1 696 58 
3.09944e-06 1 696 58 
2.86102e-06 1 696 58 
3.09944e-06 1 696 58 
1.90735e-05 1 48600 4050 
2.86102e-06 1 648 54 
1.78814e-05 1 45000 3750 
3.09944e-06 1 600 50 
1.81198e-05 1 45000 3750 
5.96046e-06 1 600 50 
2.00272e-05 1 45000 3750 
5.00679e-06 1 600 50 
1.81198e-05 1 45000 3750 
3.09944e-06 1 600 50 
1.78814e-05 1 45000 3750 
1.3113e-05 1 600 50 
2.86102e-06 1 672 56 
3.09944e-06 1 672 56 
3.09944e-06 1 672 56 
3.09944e-06 1 672 56 
3.8147e-06 1 672 56 
2.86102e-06 1 792 66 
3.09944e-06 1 792 66 
3.09944e-06 1 792 66 
2.86102e-06 1 792 66 
3.09944e-06 1 792 66 
2.19345e-05 1 57072 4756 
2.86102e-06 1 696 58 
2.00272e-05 1 53136 4428 
2.86102e-06 1 648 54 
2.00272e-05 1 53136 4428 
5.96046e-06 1 648 54 
2.19345e-05 1 53136 4428 
4.05312e-06 1 648 54 
2.19345e-05 1 53136 4428 
2.86102e-06 1 648 54 
2.00272e-05 1 53136 4428 
4.05312e-06 1 648 54 
3.09944e-06 1 720 60 
2.86102e-06 1 720 60 
3.09944e-06 1 720 60 
3.09944e-06 1 720 60 
3.09944e-06 1 720 60 
3.09944e-06 1 840 70 
2.86102e-06 1 840 70 
3.09944e-06 1 840 70 
2.86102e-06 1 840 70 
2.86102e-06 1 840 70 
2.69413e-05 1 66216 5518 
4.05312e-06 1 744 62 
3.79086e-05 1 61944 5162 
2.86102e-06 1 696 58 
2.38419e-05 1 61944 5162 
4.05312e-06 1 696 58 
3.91006e-05 1 61944 5162 
3.8147e-06 1 696 58 
5.72205e-05 1 61944 5162 
5.00679e-06 1 696 58 
2.59876e-05 1 61944 5162 
3.09944e-06 1 696 58 
3.09944e-06 1 768 64 
2.86102e-06 1 768 64 
3.8147e-06 1 768 64 
4.05312e-06 1 768 64 
3.09944e-06 1 768 64 
3.8147e-06 1 888 74 
1.71661e-05 1 888 74 
3.09944e-06 1 888 74 
4.05312e-06 1 888 74 
3.8147e-06 1 888 74 
2.59876e-05 1 64800 5400 
3.09944e-06 1 864 72 
2.59876e-05 1 61200 5100 
4.05312e-06 1 816 68 
2.59876e-05 1 61200 5100 
5.00679e-06 1 816 68 
2.81334e-05 1 61200 5100 
5.00679e-06 1 816 68 
2.28882e-05 1 61200 5100 
5.00679e-06 1 816 68 
2.5034e-05 1 61200 5100 
4.05312e-06 1 816 68 
4.05312e-06 1 888 74 
4.05312e-06 1 888 74 
3.09944e-06 1 888 74 
3.09944e-06 1 888 74 
4.05312e-06 1 888 74 
3.09944e-06 1 1008 84 
4.05312e-06 1 1008 84 
4.05312e-06 1 1008 84 
4.05312e-06 1 1008 84 
3.09944e-06 1 1008 84 
2.88486e-05 1 74784 6232 
4.05312e-06 1 912 76 
2.69413e-05 1 70848 5904 
4.05312e-06 1 864 72 
4.60148e-05 1 70848 5904 
4.05312e-06 1 864 72 
3.00407e-05 1 70848 5904 
3.8147e-06 1 864 72 
3.00407e-05 1 70848 5904 
4.05312e-06 1 864 72 
2.81334e-05 1 70848 5904 
4.05312e-06 1 864 72 
3.09944e-06 1 936 78 
4.05312e-06 1 936 78 
4.05312e-06 1 936 78 
4.05312e-06 1 936 78 
2.86102e-06 1 936 78 
4.05312e-06 1 1056 88 
2.86102e-06 1 1056 88 
3.09944e-06 1 1056 88 
3.09944e-06 1 1056 88 
4.05312e-06 1 1056 88 
