2.09653e-12 4.1364e-10 3.85362e-09 
0.000913858 1 67800 213750 
0.000771999 1 65400 191250 
0.00102282 1 65400 191250 
0.000777006 1 65400 191250 
0.000715017 1 65400 191250 
0.000714064 1 65400 191250 
0.000846148 1 65992 213160 
0.000861883 1 65992 213160 
0.000931025 1 65992 213160 
0.000889063 1 65992 213160 
0.000876904 1 65992 213160 
0.000407934 1 34944 95992 
1.90735e-05 1 15544 3692 
0.000403166 1 34944 95992 
1.88351e-05 1 15544 3692 
0.000403166 1 34944 95992 
1.90735e-05 1 15544 3692 
0.000401974 1 34944 95992 
1.78814e-05 1 15544 3692 
0.000401974 1 34944 95992 
1.88351e-05 1 15544 3692 
0.000402927 1 34944 95992 
1.90735e-05 1 15544 3692 
0.000198126 1 24344 46818 
1.50204e-05 1 11800 2754 
0.000128984 1 18816 30184 
1.21593e-05 1 9352 2156 
0.000163078 1 20992 37888 
1.28746e-05 1 10192 2368 
5.00679e-06 1 432 36 
1.19209e-05 1 7776 648 
0.00562811 1 342584 1.4687e+06 
0.006109 1 336600 1.32882e+06 
0.00560594 1 336600 1.32882e+06 
0.00550699 1 336600 1.32882e+06 
0.00549412 1 336600 1.32882e+06 
0.00486398 1 336600 1.32882e+06 
0.00558901 1 338920 1.5059e+06 
0.00550103 1 338920 1.5059e+06 
0.00553703 1 338920 1.5059e+06 
0.00549507 1 338920 1.5059e+06 
0.0055759 1 338920 1.5059e+06 
0.00118685 1 88256 286944 
4.60148e-05 1 42680 10248 
0.00118208 1 88256 286944 
4.60148e-05 1 42680 10248 
0.00117993 1 88256 286944 
4.48227e-05 1 42680 10248 
0.00117993 1 88256 286944 
4.60148e-05 1 42680 10248 
0.00118184 1 88256 286944 
4.50611e-05 1 42680 10248 
0.00118089 1 88256 286944 
4.60148e-05 1 42680 10248 
0.000575066 1 61560 139346 
3.40939e-05 1 31032 7334 
0.000400066 1 50432 96768 
2.90871e-05 1 25832 6048 
0.000498056 1 56160 120528 
3.19481e-05 1 28416 6696 
5.00679e-06 1 648 54 
1.90735e-05 1 17496 1458 
0.000801086 1 67800 213750 
0.000710011 1 65400 191250 
0.000936031 1 65400 191250 
0.000714779 1 65400 191250 
0.000946045 1 65400 191250 
0.000755072 1 65400 191250 
0.000835896 1 65992 213160 
0.000792027 1 65992 213160 
0.000792027 1 65992 213160 
0.00128794 1 65992 213160 
0.000836134 1 65992 213160 
0.000398874 1 34944 95992 
1.88351e-05 1 15544 3692 
0.000396967 1 34944 95992 
1.90735e-05 1 15544 3692 
0.000397921 1 34944 95992 
1.90735e-05 1 15544 3692 
0.000397205 1 34944 95992 
1.90735e-05 1 15544 3692 
0.000396967 1 34944 95992 
1.78814e-05 1 15544 3692 
0.000397921 1 34944 95992 
1.90735e-05 1 15544 3692 
0.000195026 1 24344 46818 
1.50204e-05 1 11800 2754 
0.000128031 1 18816 30184 
1.3113e-05 1 9352 2156 
0.000161171 1 20992 37888 
1.40667e-05 1 10192 2368 
5.00679e-06 1 432 36 
1.09673e-05 1 7776 648 
0.00263691 1 181304 720762 
0.00238299 1 177112 652118 
0.00276303 1 177112 652118 
0.002666 1 177112 652118 
0.00252318 1 177112 652118 
0.00238705 1 177112 652118 
0.00269103 1 178536 732204 
0.00269413 1 178536 732204 
0.00274515 1 178536 732204 
0.00269079 1 178536 732204 
0.00268888 1 178536 732204 
0.000832081 1 63168 199136 
3.40939e-05 1 29688 7112 
0.000822067 1 63168 199136 
3.31402e-05 1 29688 7112 
0.000821829 1 63168 199136 
8.70228e-05 1 29688 7112 
0.000822067 1 63168 199136 
3.31402e-05 1 29688 7112 
0.000821829 1 63168 199136 
3.19481e-05 1 29688 7112 
0.000823975 1 63168 199136 
3.29018e-05 1 29688 7112 
0.00041008 1 44536 98914 
2.5034e-05 1 22072 5206 
0.000283003 1 36096 68096 
2.09808e-05 1 18216 4256 
0.000349998 1 40032 84240 
2.40803e-05 1 19904 4680 
5.00679e-06 1 576 48 
1.69277e-05 1 13824 1152 
0.00874209 1 503800 2.41229e+06 
0.00812101 1 496472 2.20252e+06 
0.00932217 1 496472 2.20252e+06 
0.00853705 1 496472 2.20252e+06 
0.00869012 1 496472 2.20252e+06 
0.00811601 1 496472 2.20252e+06 
0.00901008 1 499400 2.47339e+06 
0.00893497 1 499400 2.47339e+06 
0.010006 1 499400 2.47339e+06 
0.00966001 1 499400 2.47339e+06 
0.00955606 1 499400 2.47339e+06 
0.00166392 1 115200 405000 
5.88894e-05 1 56040 13500 
0.00166798 1 115200 405000 
6.00815e-05 1 56040 13500 
0.00166297 1 115200 405000 
5.91278e-05 1 56040 13500 
0.00186586 1 115200 405000 
5.79357e-05 1 56040 13500 
0.00166607 1 115200 405000 
5.91278e-05 1 56040 13500 
0.002141 1 115200 405000 
6.41346e-05 1 56040 13500 
0.000896931 1 82488 207270 
4.69685e-05 1 41528 9870 
0.000655174 1 69120 149688 
4.1008e-05 1 35256 8316 
0.000905037 1 76160 182400 
4.60148e-05 1 38464 9120 
5.00679e-06 1 720 60 
2.28882e-05 1 21600 1800 
0.00180793 1 96600 483750 
0.00173187 1 94200 461250 
0.00173283 1 94200 461250 
0.00182915 1 94200 461250 
0.00183415 1 94200 461250 
0.00184202 1 94200 461250 
0.00176811 1 94024 468952 
0.00176811 1 94024 468952 
0.00176692 1 94024 468952 
0.00176811 1 94024 468952 
0.00176692 1 94024 468952 
0.00149202 1 76800 355000 
3.38554e-05 1 29368 7100 
0.00149083 1 76800 355000 
3.38554e-05 1 29368 7100 
0.00148988 1 76800 355000 
3.29018e-05 1 29368 7100 
0.00148988 1 76800 355000 
3.31402e-05 1 29368 7100 
0.00148988 1 76800 355000 
3.38554e-05 1 29368 7100 
0.001508 1 76800 355000 
3.48091e-05 1 29368 7100 
0.00113702 1 66584 272322 
3.09944e-05 1 27544 6642 
0.000922918 1 58368 222376 
2.81334e-05 1 24328 5852 
0.000983953 1 60160 236800 
2.81334e-05 1 24592 5920 
4.05312e-06 1 576 48 
1.40667e-05 1 13824 1152 
0.00577497 1 231608 1.54449e+06 
0.00573897 1 227416 1.47585e+06 
0.00546408 1 227416 1.47585e+06 
0.00660706 1 227416 1.47585e+06 
0.00588799 1 227416 1.47585e+06 
0.00552988 1 227416 1.47585e+06 
0.005615 1 228072 1.53097e+06 
0.00568509 1 228072 1.53097e+06 
0.0056169 1 228072 1.53097e+06 
0.005615 1 228072 1.53097e+06 
0.00561404 1 228072 1.53097e+06 
0.00286698 1 127296 686816 
5.79357e-05 1 54264 13208 
0.00345898 1 127296 686816 
6.19888e-05 1 54264 13208 
0.00302792 1 127296 686816 
6.19888e-05 1 54264 13208 
0.00299811 1 127296 686816 
5.91278e-05 1 54264 13208 
0.00300288 1 127296 686816 
5.88894e-05 1 54264 13208 
0.00286579 1 127296 686816 
5.79357e-05 1 54264 13208 
0.00209403 1 109048 506626 
5.19753e-05 1 48568 11782 
0.00177407 1 97920 425600 
4.79221e-05 1 43944 10640 
0.0019021 1 101472 458640 
4.79221e-05 1 45056 10920 
6.19888e-06 1 768 64 
2.09808e-05 1 24576 2048 
0.000801086 1 67800 213750 
0.00070715 1 65400 191250 
0.000810862 1 65400 191250 
0.000801802 1 65400 191250 
0.000882864 1 65400 191250 
0.000759125 1 65400 191250 
0.000792027 1 65992 213160 
0.000792027 1 65992 213160 
0.00079298 1 65992 213160 
0.000792027 1 65992 213160 
0.000792027 1 65992 213160 
0.000399113 1 34944 95992 
1.90735e-05 1 15544 3692 
0.000398159 1 34944 95992 
1.88351e-05 1 15544 3692 
0.000397921 1 34944 95992 
1.78814e-05 1 15544 3692 
0.000586987 1 34944 95992 
2.00272e-05 1 15544 3692 
0.000418901 1 34944 95992 
2.00272e-05 1 15544 3692 
0.00041914 1 34944 95992 
2.00272e-05 1 15544 3692 
0.00020504 1 24344 46818 
1.5974e-05 1 11800 2754 
0.000128031 1 18816 30184 
1.21593e-05 1 9352 2156 
0.000159979 1 20992 37888 
1.40667e-05 1 10192 2368 
5.00679e-06 1 432 36 
1.09673e-05 1 7776 648 
0.00163603 1 119480 445578 
0.0014751 1 116184 403142 
0.00158215 1 116184 403142 
0.00149179 1 116184 403142 
0.00159001 1 116184 403142 
0.00156498 1 116184 403142 
0.00173616 1 117160 448844 
0.00174713 1 117160 448844 
0.00165582 1 117160 448844 
0.00166011 1 117160 448844 
0.00165701 1 117160 448844 
0.000730991 1 50624 155232 
2.71797e-05 1 23192 5544 
0.000643969 1 50624 155232 
2.81334e-05 1 23192 5544 
0.000680923 1 50624 155232 
2.59876e-05 1 23192 5544 
0.000644922 1 50624 155232 
2.59876e-05 1 23192 5544 
0.000644922 1 50624 155232 
2.71797e-05 1 23192 5544 
0.000643969 1 50624 155232 
2.69413e-05 1 23192 5544 
0.00032711 1 36024 78698 
2.09808e-05 1 17592 4142 
0.000225067 1 28928 53760 
1.78814e-05 1 14408 3360 
0.00027585 1 31968 66096 
1.88351e-05 1 15648 3672 
4.05312e-06 1 504 42 
1.3113e-05 1 10584 882 
0.00335479 1 210936 914526 
0.00357008 1 206424 835002 
0.003443 1 206424 835002 
0.00324106 1 206424 835002 
0.00371003 1 206424 835002 
0.00323892 1 206424 835002 
0.00340986 1 207944 927408 
0.00340509 1 207944 927408 
0.00339794 1 207944 927408 
0.00346708 1 207944 927408 
0.003479 1 207944 927408 
0.00102305 1 72960 246600 
3.79086e-05 1 34216 8220 
0.00102592 1 72960 246600 
3.79086e-05 1 34216 8220 
0.00102282 1 72960 246600 
3.69549e-05 1 34216 8220 
0.00102305 1 72960 246600 
3.8147e-05 1 34216 8220 
0.00102305 1 72960 246600 
3.79086e-05 1 34216 8220 
0.00102305 1 72960 246600 
3.79086e-05 1 34216 8220 
0.000535965 1 52920 129654 
3.00407e-05 1 26040 6174 
0.000381947 1 43776 92664 
2.5034e-05 1 21880 5148 
0.000462055 1 48000 112000 
2.69413e-05 1 23680 5600 
3.8147e-06 1 576 48 
1.5974e-05 1 13824 1152 
0.00142407 1 85800 382500 
0.00133586 1 83400 360000 
0.00146604 1 83400 360000 
0.00143385 1 83400 360000 
0.00143003 1 83400 360000 
0.00135112 1 83400 360000 
0.00140381 1 83512 373030 
0.00140309 1 83512 373030 
0.00140786 1 83512 373030 
0.00140715 1 83512 373030 
0.00148201 1 83512 373030 
0.000995159 1 60024 238702 
2.81334e-05 1 24184 5822 
0.000993967 1 60024 238702 
2.7895e-05 1 24184 5822 
0.000993013 1 60024 238702 
2.81334e-05 1 24184 5822 
0.000992775 1 60024 238702 
2.69413e-05 1 24184 5822 
0.00099206 1 60024 238702 
2.69413e-05 1 24184 5822 
0.000993013 1 60024 238702 
2.81334e-05 1 24184 5822 
0.000684977 1 49664 165888 
2.5034e-05 1 21640 5184 
0.000536919 1 42456 129514 
2.21729e-05 1 18712 4466 
0.000588894 1 44392 142228 
2.21729e-05 1 19192 4588 
5.00679e-06 1 576 48 
1.40667e-05 1 13824 1152 
0.00286889 1 144200 763848 
0.00267601 1 140904 721412 
0.00286293 1 140904 721412 
0.00271201 1 140904 721412 
0.00282693 1 140904 721412 
0.00277996 1 140904 721412 
0.00298405 1 141400 754874 
0.00285006 1 141400 754874 
0.00281596 1 141400 754874 
0.00284696 1 141400 754874 
0.00281501 1 141400 754874 
0.00160289 1 82904 366102 
3.88622e-05 1 35192 8514 
0.00153399 1 82904 366102 
3.91006e-05 1 35192 8514 
0.00153613 1 82904 366102 
3.8147e-05 1 35192 8514 
0.00153494 1 82904 366102 
3.88622e-05 1 35192 8514 
0.00153399 1 82904 366102 
3.88622e-05 1 35192 8514 
0.00153399 1 82904 366102 
3.79086e-05 1 35192 8514 
0.00105214 1 68544 252008 
3.40939e-05 1 30792 7412 
0.000839233 1 59768 201810 
2.98023e-05 1 27128 6510 
0.000977993 1 62568 222156 
3.29018e-05 1 28008 6732 
4.05312e-06 1 672 56 
1.69277e-05 1 18816 1568 
0.00555611 1 244776 1.51096e+06 
0.00566721 1 240264 1.43143e+06 
0.00527787 1 240264 1.43143e+06 
0.00657296 1 240264 1.43143e+06 
0.00578284 1 240264 1.43143e+06 
0.00559187 1 240264 1.43143e+06 
0.00555611 1 241304 1.50704e+06 
0.00550604 1 241304 1.50704e+06 
0.00551081 1 241304 1.50704e+06 
0.0055058 1 241304 1.50704e+06 
0.00550914 1 241304 1.50704e+06 
0.0022881 1 114840 554850 
5.50747e-05 1 50776 12330 
0.00228596 1 114840 554850 
5.38826e-05 1 50776 12330 
0.0022881 1 114840 554850 
5.50747e-05 1 50776 12330 
0.00228596 1 114840 554850 
5.31673e-05 1 50776 12330 
0.00228596 1 114840 554850 
5.38826e-05 1 50776 12330 
0.00229001 1 114840 554850 
7.39098e-05 1 50776 12330 
0.00158405 1 95040 381024 
4.72069e-05 1 43800 10584 
0.00129008 1 84216 311454 
4.19617e-05 1 39160 9438 
0.00142884 1 88200 343000 
4.3869e-05 1 40600 9800 
5.00679e-06 1 768 64 
2.19345e-05 1 24576 2048 
0.00233698 1 111000 618750 
0.00223804 1 108600 596250 
0.00242591 1 108600 596250 
0.00239015 1 108600 596250 
0.00325704 1 108600 596250 
0.00237918 1 108600 596250 
0.00226307 1 108040 596848 
0.00233793 1 108040 596848 
0.00225782 1 108040 596848 
0.00225782 1 108040 596848 
0.0022862 1 108040 596848 
0.00229812 1 101184 545848 
4.1008e-05 1 36280 8804 
0.00229597 1 101184 545848 
4.00543e-05 1 36280 8804 
0.00229692 1 101184 545848 
4.00543e-05 1 36280 8804 
0.00265908 1 101184 545848 
4.00543e-05 1 36280 8804 
0.00229597 1 101184 545848 
4.00543e-05 1 36280 8804 
0.00243592 1 101184 545848 
4.19617e-05 1 36280 8804 
0.00205183 1 91160 455058 
4.19617e-05 1 35416 8586 
0.0016129 1 81600 385000 
3.50475e-05 1 31816 7700 
0.00167799 1 83200 400192 
3.60012e-05 1 31792 7696 
5.00679e-06 1 720 60 
1.81198e-05 1 21600 1800 
0.00501704 1 178808 1.20943e+06 
0.00500798 1 175512 1.16699e+06 
0.0047121 1 175512 1.16699e+06 
0.00605488 1 175512 1.16699e+06 
0.004807 1 175512 1.16699e+06 
0.00457883 1 175512 1.16699e+06 
0.0044229 1 175336 1.18332e+06 
0.00435209 1 175336 1.18332e+06 
0.00441694 1 175336 1.18332e+06 
0.00470519 1 175336 1.18332e+06 
0.00461984 1 175336 1.18332e+06 
0.00339103 1 134144 811008 
5.60284e-05 1 51992 12672 
0.00339079 1 134144 811008 
5.6982e-05 1 51992 12672 
0.00338697 1 134144 811008 
5.60284e-05 1 51992 12672 
0.00338721 1 134144 811008 
5.60284e-05 1 51992 12672 
0.00338888 1 134144 811008 
5.6982e-05 1 51992 12672 
0.00338888 1 134144 811008 
5.6982e-05 1 51992 12672 
0.00274706 1 120120 659450 
5.29289e-05 1 49272 11990 
0.00237012 1 108992 567840 
4.91142e-05 1 44936 10920 
0.00248909 1 111456 594864 
5.00679e-05 1 45312 11016 
5.00679e-06 1 840 70 
2.19345e-05 1 29400 2450 
0.000797987 1 67800 213750 
0.00071311 1 65400 191250 
0.0008111 1 65400 191250 
0.000931025 1 65400 191250 
0.000717163 1 65400 191250 
0.000918865 1 65400 191250 
0.000833988 1 65992 213160 
0.000789881 1 65992 213160 
0.000789881 1 65992 213160 
0.000833988 1 65992 213160 
0.000790119 1 65992 213160 
0.000399828 1 34944 95992 
2.00272e-05 1 15544 3692 
0.000399113 1 34944 95992 
1.90735e-05 1 15544 3692 
0.000591993 1 34944 95992 
1.90735e-05 1 15544 3692 
0.000397921 1 34944 95992 
1.90735e-05 1 15544 3692 
0.000397921 1 34944 95992 
1.90735e-05 1 15544 3692 
0.000396967 1 34944 95992 
1.88351e-05 1 15544 3692 
0.000195026 1 24344 46818 
1.50204e-05 1 11800 2754 
0.000128031 1 18816 30184 
1.28746e-05 1 9352 2156 
0.000159979 1 20992 37888 
1.3113e-05 1 10192 2368 
5.00679e-06 1 432 36 
1.09673e-05 1 7776 648 
0.00121999 1 93272 332682 
0.00110197 1 90424 300998 
0.00127101 1 90424 300998 
0.00133395 1 90424 300998 
0.00162911 1 90424 300998 
0.00117302 1 90424 300998 
0.00129724 1 91176 333036 
0.00122499 1 91176 333036 
0.00122595 1 91176 333036 
0.00122499 1 91176 333036 
0.0012269 1 91176 333036 
0.000553131 1 44352 133280 
2.40803e-05 1 19944 4760 
0.000552177 1 44352 133280 
2.31266e-05 1 19944 4760 
0.000551939 1 44352 133280 
2.28882e-05 1 19944 4760 
0.000551939 1 44352 133280 
2.28882e-05 1 19944 4760 
0.000552177 1 44352 133280 
2.28882e-05 1 19944 4760 
0.000552177 1 44352 133280 
2.28882e-05 1 19944 4760 
0.000285149 1 31768 68590 
1.78814e-05 1 15352 3610 
0.000196934 1 25344 46592 
1.5974e-05 1 12504 2912 
0.000250816 1 27936 57024 
1.81198e-05 1 13520 3168 
4.05312e-06 1 432 36 
1.12057e-05 1 7776 648 
0.00196481 1 126840 507150 
0.00173378 1 123480 463050 
0.00181007 1 123480 463050 
0.00174689 1 123480 463050 
0.00180793 1 123480 463050 
0.00180316 1 123480 463050 
0.00188303 1 124424 509232 
0.00194812 1 124424 509232 
0.00188804 1 124424 509232 
0.00188518 1 124424 509232 
0.00229096 1 124424 509232 
0.000756979 1 55680 181800 
2.88486e-05 1 25288 6060 
0.000754118 1 55680 181800 
2.81334e-05 1 25288 6060 
0.00075388 1 55680 181800 
3.09944e-05 1 25288 6060 
0.000754833 1 55680 181800 
2.90871e-05 1 25288 6060 
0.000754833 1 55680 181800 
2.88486e-05 1 25288 6060 
0.000755072 1 55680 181800 
2.81334e-05 1 25288 6060 
0.000404835 1 40824 97902 
2.28882e-05 1 19704 4662 
0.000289202 1 33408 69336 
2.00272e-05 1 16408 3852 
0.000345945 1 36480 83200 
2.09808e-05 1 17632 4160 
5.00679e-06 1 504 42 
1.40667e-05 1 10584 882 
0.00120902 1 79800 326250 
0.00112486 1 77400 303750 
0.00125694 1 77400 303750 
0.00119114 1 77400 303750 
0.00119901 1 77400 303750 
0.00127506 1 77400 303750 
0.00152993 1 77672 319740 
0.00120902 1 77672 319740 
0.00145197 1 77672 319740 
0.00120902 1 77672 319740 
0.00127602 1 77672 319740 
0.000764847 1 51264 184032 
2.47955e-05 1 21304 5112 
0.000761986 1 51264 184032 
2.5034e-05 1 21304 5112 
0.000761986 1 51264 184032 
2.5034e-05 1 21304 5112 
0.000761986 1 51264 184032 
2.38419e-05 1 21304 5112 
0.000762939 1 51264 184032 
2.40803e-05 1 21304 5112 
0.000764847 1 51264 184032 
2.38419e-05 1 21304 5112 
0.000488043 1 40824 118098 
2.09808e-05 1 18360 4374 
0.000370026 1 34176 88704 
1.90735e-05 1 15592 3696 
0.000415087 1 36192 100048 
1.97887e-05 1 16192 3848 
5.00679e-06 1 432 36 
1.09673e-05 1 7776 648 
0.00181913 1 107512 491102 
0.00169301 1 104664 459418 
0.00180292 1 104664 459418 
0.00169516 1 104664 459418 
0.00255704 1 104664 459418 
0.00183606 1 104664 459418 
0.00191808 1 105096 484416 
0.00188518 1 105096 484416 
0.00184488 1 105096 484416 
0.00180507 1 105096 484416 
0.00186586 1 105096 484416 
0.00102305 1 63232 245480 
3.09944e-05 1 26824 6460 
0.0010221 1 63232 245480 
3.00407e-05 1 26824 6460 
0.00114894 1 63232 245480 
3.09944e-05 1 26824 6460 
0.00102091 1 63232 245480 
2.98023e-05 1 26824 6460 
0.00102091 1 63232 245480 
3.00407e-05 1 26824 6460 
0.00102091 1 63232 245480 
2.98023e-05 1 26824 6460 
0.000663996 1 50808 159790 
2.59876e-05 1 23032 5510 
0.000513077 1 43264 123032 
2.28882e-05 1 19864 4732 
0.000602007 1 45696 137984 
2.5034e-05 1 20640 4928 
4.05312e-06 1 432 36 
1.09673e-05 1 7776 648 
0.00282693 1 143640 727650 
0.002527 1 140280 683550 
0.00267792 1 140280 683550 
0.00252604 1 140280 683550 
0.0026648 1 140280 683550 
0.00276303 1 140280 683550 
0.00266695 1 140904 721412 
0.00281692 1 140904 721412 
0.00266504 1 140904 721412 
0.002702 1 140904 721412 
0.00276899 1 140904 721412 
0.00134802 1 77440 323200 
3.8147e-05 1 33448 8080 
0.00134397 1 77440 323200 
3.79086e-05 1 33448 8080 
0.00134397 1 77440 323200 
3.69549e-05 1 33448 8080 
0.00134397 1 77440 323200 
3.79086e-05 1 33448 8080 
0.00134516 1 77440 323200 
3.79086e-05 1 33448 8080 
0.00134492 1 77440 323200 
3.8147e-05 1 33448 8080 
0.000883818 1 62744 213342 
3.29018e-05 1 28664 6882 
0.000694036 1 54208 167776 
2.90871e-05 1 25048 5992 
0.000777006 1 57120 187200 
3.00407e-05 1 26032 6240 
3.8147e-06 1 672 56 
1.78814e-05 1 18816 1568 
0.00171304 1 94200 461250 
0.00164294 1 91800 438750 
0.0017519 1 91800 438750 
0.00173903 1 91800 438750 
0.00174403 1 91800 438750 
0.00174093 1 91800 438750 
0.001683 1 91688 447636 
0.001683 1 91688 447636 
0.001683 1 91688 447636 
0.00184512 1 91688 447636 
0.00168395 1 91688 447636 
0.0013721 1 72960 327168 
3.19481e-05 1 28216 6816 
0.00137496 1 72960 327168 
3.19481e-05 1 28216 6816 
0.00138593 1 72960 327168 
3.09944e-05 1 28216 6816 
0.00137091 1 72960 327168 
3.19481e-05 1 28216 6816 
0.00136995 1 72960 327168 
3.19481e-05 1 28216 6816 
0.00137091 1 72960 327168 
3.09944e-05 1 28216 6816 
0.00102782 1 62712 246402 
2.90871e-05 1 26232 6318 
0.000827074 1 54720 199584 
2.59876e-05 1 23080 5544 
0.000887156 1 56544 213712 
2.81334e-05 1 23392 5624 
5.00679e-06 1 576 48 
1.50204e-05 1 13824 1152 
0.00253105 1 124600 681206 
0.00242686 1 121752 649522 
0.00293493 1 121752 649522 
0.00269723 1 121752 649522 
0.003757 1 121752 649522 
0.00269699 1 121752 649522 
0.00257397 1 121800 666072 
0.00252509 1 121800 666072 
0.00250602 1 121800 666072 
0.00250888 1 121800 666072 
0.00250697 1 121800 666072 
0.00178003 1 88000 425000 
3.98159e-05 1 35080 8500 
0.00219393 1 88000 425000 
3.91006e-05 1 35080 8500 
0.00178003 1 88000 425000 
3.98159e-05 1 35080 8500 
0.0018239 1 88000 425000 
4.1008e-05 1 35080 8500 
0.00188208 1 88000 425000 
4.19617e-05 1 35080 8500 
0.00187802 1 88000 425000 
4.1008e-05 1 35080 8500 
0.00140285 1 75768 319390 
6.00815e-05 1 32248 7790 
0.00109076 1 66880 262808 
3.29018e-05 1 28696 6916 
0.00117183 1 69120 281600 
3.29018e-05 1 29184 7040 
5.00679e-06 1 576 48 
1.40667e-05 1 13824 1152 
0.00374794 1 163800 992250 
0.00351 1 160440 948150 
0.00398088 1 160440 948150 
0.00515008 1 160440 948150 
0.00403094 1 160440 948150 
0.00386405 1 160440 948150 
0.00358605 1 160680 976028 
0.00383091 1 160680 976028 
0.00393796 1 160680 976028 
0.00378299 1 160680 976028 
0.0037868 1 160680 976028 
0.00242281 1 105664 546208 
4.81606e-05 1 43240 10504 
0.002285 1 105664 546208 
4.79221e-05 1 43240 10504 
0.00228405 1 105664 546208 
4.81606e-05 1 43240 10504 
0.00228405 1 105664 546208 
4.81606e-05 1 43240 10504 
0.00228214 1 105664 546208 
7.08103e-05 1 43240 10504 
0.00228286 1 105664 546208 
4.79221e-05 1 43240 10504 
0.00170612 1 91160 410478 
4.31538e-05 1 39416 9546 
0.00143409 1 81280 342400 
3.88622e-05 1 35416 8560 
0.00158191 1 84000 366912 
4.07696e-05 1 36112 8736 
5.00679e-06 1 672 56 
1.78814e-05 1 18816 1568 
0.00233102 1 111000 618750 
0.00222993 1 108600 596250 
0.00270104 1 108600 596250 
0.00366712 1 108600 596250 
0.00239491 1 108600 596250 
0.00237989 1 108600 596250 
0.00226998 1 108040 596848 
0.00226998 1 108040 596848 
0.00227213 1 108040 596848 
0.00227189 1 108040 596848 
0.00227094 1 108040 596848 
0.00230002 1 101184 545848 
4.1008e-05 1 36280 8804 
0.00230193 1 101184 545848 
4.1008e-05 1 36280 8804 
0.00230002 1 101184 545848 
4.00543e-05 1 36280 8804 
0.00229788 1 101184 545848 
4.1008e-05 1 36280 8804 
0.00230122 1 101184 545848 
4.1008e-05 1 36280 8804 
0.00229907 1 101184 545848 
4.00543e-05 1 36280 8804 
0.00191092 1 91160 455058 
3.91006e-05 1 35416 8586 
0.00161886 1 81600 385000 
3.50475e-05 1 31816 7700 
0.00178504 1 83200 400192 
3.60012e-05 1 31792 7696 
5.00679e-06 1 720 60 
1.81198e-05 1 21600 1800 
0.00336719 1 144536 902994 
0.0032351 1 141688 871310 
0.00352621 1 141688 871310 
0.00366902 1 141688 871310 
0.00342894 1 141688 871310 
0.00342107 1 141688 871310 
0.00369 1 141288 878004 
0.00349092 1 141288 878004 
0.003546 1 141288 878004 
0.00346708 1 141288 878004 
0.00375414 1 141288 878004 
0.00292802 1 119808 696320 
5.00679e-05 1 44712 10880 
0.00292706 1 119808 696320 
5.00679e-05 1 44712 10880 
0.00292587 1 119808 696320 
5.00679e-05 1 44712 10880 
0.00292897 1 119808 696320 
4.98295e-05 1 44712 10880 
0.00292706 1 119808 696320 
5.00679e-05 1 44712 10880 
0.00293303 1 119808 696320 
4.91142e-05 1 44712 10880 
0.00239515 1 107800 574750 
4.69685e-05 1 43000 10450 
0.00230312 1 97344 492128 
4.60148e-05 1 39000 9464 
0.00215197 1 99360 513216 
4.29153e-05 1 39152 9504 
5.00679e-06 1 720 60 
1.90735e-05 1 21600 1800 
0.000789881 1 67800 213750 
0.000713825 1 65400 191250 
0.000823975 1 65400 191250 
0.000818968 1 65400 191250 
0.000715017 1 65400 191250 
0.00103307 1 65400 191250 
0.000945091 1 65992 213160 
0.000798941 1 65992 213160 
0.000798941 1 65992 213160 
0.000790119 1 65992 213160 
0.000790119 1 65992 213160 
0.000399828 1 34944 95992 
2.00272e-05 1 15544 3692 
0.000401974 1 34944 95992 
1.90735e-05 1 15544 3692 
0.000398874 1 34944 95992 
1.90735e-05 1 15544 3692 
0.000398874 1 34944 95992 
1.90735e-05 1 15544 3692 
0.000397921 1 34944 95992 
1.90735e-05 1 15544 3692 
0.000399113 1 34944 95992 
1.88351e-05 1 15544 3692 
0.000198126 1 24344 46818 
1.50204e-05 1 11800 2754 
0.000136137 1 18816 30184 
1.3113e-05 1 9352 2156 
0.000160933 1 20992 37888 
1.3113e-05 1 10192 2368 
3.8147e-06 1 432 36 
1.09673e-05 1 7776 648 
0.00110292 1 81344 282408 
0.000941992 1 78720 255512 
0.00105 1 78720 255512 
0.000942945 1 78720 255512 
0.00158501 1 78720 255512 
0.00100183 1 78720 255512 
0.00103998 1 79360 281600 
0.00103807 1 79360 281600 
0.00109816 1 79360 281600 
0.00103784 1 79360 281600 
0.00104213 1 79360 281600 
0.000507116 1 41216 122304 
2.19345e-05 1 18320 4368 
0.000504971 1 41216 122304 
2.21729e-05 1 18320 4368 
0.000504017 1 41216 122304 
2.19345e-05 1 18320 4368 
0.000504971 1 41216 122304 
2.21729e-05 1 18320 4368 
0.000505209 1 41216 122304 
2.09808e-05 1 18320 4368 
0.000504971 1 41216 122304 
2.12193e-05 1 18320 4368 
0.000264168 1 29640 63536 
1.78814e-05 1 14232 3344 
0.000180006 1 23552 43008 
1.40667e-05 1 11552 2688 
0.000219107 1 25920 52488 
1.5974e-05 1 12456 2916 
5.00679e-06 1 432 36 
1.19209e-05 1 7776 648 
0.00144506 1 96120 364366 
0.00122404 1 93272 332682 
0.00135612 1 93272 332682 
0.00123191 1 93272 332682 
0.00133896 1 93272 332682 
0.00129914 1 93272 332682 
0.00137281 1 93960 363312 
0.0013411 1 93960 363312 
0.00133801 1 93960 363312 
0.00133681 1 93960 363312 
0.00136995 1 93960 363312 
0.000633955 1 48000 153000 
2.5034e-05 1 21320 5100 
0.000633001 1 48000 153000 
2.40803e-05 1 21320 5100 
0.000633001 1 48000 153000 
2.5034e-05 1 21320 5100 
0.000633001 1 48000 153000 
2.40803e-05 1 21320 5100 
0.000632048 1 48000 153000 
2.40803e-05 1 21320 5100 
0.000632048 1 48000 153000 
2.38419e-05 1 21320 5100 
0.000346899 1 35448 83790 
2.00272e-05 1 16888 3990 
0.000259161 1 28800 58968 
1.78814e-05 1 13976 3276 
0.000294924 1 31360 70400 
1.88351e-05 1 14944 3520 
4.05312e-06 1 432 36 
1.21593e-05 1 7776 648 
0.00112414 1 77400 303750 
0.001055 1 75000 281250 
0.0011611 1 75000 281250 
0.00105405 1 75000 281250 
0.00105309 1 75000 281250 
0.00159883 1 75000 281250 
0.00118709 1 75336 298424 
0.001127 1 75336 298424 
0.00118399 1 75336 298424 
0.00112295 1 75336 298424 
0.00112104 1 75336 298424 
0.000694036 1 47872 164152 
2.40803e-05 1 20152 4828 
0.000693083 1 47872 164152 
2.38419e-05 1 20152 4828 
0.000690937 1 47872 164152 
2.40803e-05 1 20152 4828 
0.000691891 1 47872 164152 
2.40803e-05 1 20152 4828 
0.000690937 1 47872 164152 
2.40803e-05 1 20152 4828 
0.000690937 1 47872 164152 
2.38419e-05 1 20152 4828 
0.000416994 1 37400 101250 
2.00272e-05 1 17048 4050 
0.000329018 1 30976 74536 
1.88351e-05 1 14344 3388 
0.000375986 1 33024 85248 
2.00272e-05 1 14992 3552 
5.00679e-06 1 432 36 
1.09673e-05 1 7776 648 
0.00144792 1 91840 389992 
0.00134516 1 89216 363096 
0.00149703 1 89216 363096 
0.00142002 1 89216 363096 
0.00138092 1 89216 363096 
0.00142217 1 89216 363096 
0.00150609 1 89600 384000 
0.00150204 1 89600 384000 
0.00142193 1 89600 384000 
0.00142288 1 89600 384000 
0.00142193 1 89600 384000 
0.000839949 1 55296 202176 
2.69413e-05 1 23376 5616 
0.000871897 1 55296 202176 
2.59876e-05 1 23376 5616 
0.000838041 1 55296 202176 
2.7895e-05 1 23376 5616 
0.000887156 1 55296 202176 
2.88486e-05 1 23376 5616 
0.000891924 1 55296 202176 
2.81334e-05 1 23376 5616 
0.00089097 1 55296 202176 
2.7895e-05 1 23376 5616 
0.000561953 1 43848 128304 
2.5034e-05 1 19928 4752 
0.000402927 1 36864 96768 
2.09808e-05 1 16992 4032 
0.000457048 1 39104 109512 
2.09808e-05 1 17704 4212 
5.96046e-06 1 432 36 
1.40667e-05 1 7776 648 
0.00205302 1 107512 491102 
0.00180197 1 104664 459418 
0.00202107 1 104664 459418 
0.00219083 1 104664 459418 
0.00193501 1 104664 459418 
0.0019958 1 104664 459418 
0.0019629 1 105096 484416 
0.00187588 1 105096 484416 
0.00197411 1 105096 484416 
0.00190902 1 105096 484416 
0.00183892 1 105096 484416 
0.00111413 1 63232 245480 
3.31402e-05 1 26824 6460 
0.00111294 1 63232 245480 
3.19481e-05 1 26824 6460 
0.00108099 1 63232 245480 
3.09944e-05 1 26824 6460 
0.00108099 1 63232 245480 
3.19481e-05 1 26824 6460 
0.00108385 1 63232 245480 
3.50475e-05 1 26824 6460 
0.0012579 1 63232 245480 
3.31402e-05 1 26824 6460 
0.000844002 1 50808 159790 
2.81334e-05 1 23032 5510 
0.000541925 1 43264 123032 
2.38419e-05 1 19864 4732 
0.000603914 1 45696 137984 
2.59876e-05 1 20640 4928 
5.00679e-06 1 432 36 
1.19209e-05 1 7776 648 
0.00159597 1 88200 405000 
0.00186586 1 85800 382500 
0.00176597 1 85800 382500 
0.00153804 1 85800 382500 
0.00155497 1 85800 382500 
0.00156593 1 85800 382500 
0.00171494 1 85848 394346 
0.00157499 1 85848 394346 
0.00157499 1 85848 394346 
0.00161386 1 85848 394346 
0.00157905 1 85848 394346 
0.00120401 1 63640 262558 
3.21865e-05 1 25336 6106 
0.00124598 1 63640 262558 
3.09944e-05 1 25336 6106 
0.00120783 1 63640 262558 
3.09944e-05 1 25336 6106 
0.00120187 1 63640 262558 
3.09944e-05 1 25336 6106 
0.00120091 1 63640 262558 
3.09944e-05 1 25336 6106 
0.00120401 1 63640 262558 
3.19481e-05 1 25336 6106 
0.000819921 1 53312 187272 
2.81334e-05 1 22952 5508 
0.000702143 1 45880 147994 
2.5034e-05 1 19960 4774 
0.000712872 1 47784 161172 
2.59876e-05 1 20392 4884 
5.00679e-06 1 576 48 
1.50204e-05 1 13824 1152 
0.00210404 1 103648 511024 
0.00192618 1 101024 484128 
0.00198483 1 101024 484128 
0.00265193 1 101024 484128 
0.00198078 1 101024 484128 
0.00191998 1 101024 484128 
0.00213814 1 101120 499200 
0.00203705 1 101120 499200 
0.00231695 1 101120 499200 
0.00225902 1 101120 499200 
0.00202513 1 101120 499200 
0.00139999 1 72360 315900 
3.29018e-05 1 29064 7020 
0.00132322 1 72360 315900 
3.31402e-05 1 29064 7020 
0.00136399 1 72360 315900 
3.19481e-05 1 29064 7020 
0.00133109 1 72360 315900 
3.19481e-05 1 29064 7020 
0.00145102 1 72360 315900 
3.40939e-05 1 29064 7020 
0.00133204 1 72360 315900 
3.31402e-05 1 29064 7020 
0.000959158 1 61056 228096 
3.00407e-05 1 26336 6336 
0.000812054 1 53064 182952 
2.7895e-05 1 23112 5544 
0.000833035 1 55160 198450 
2.69413e-05 1 23608 5670 
5.00679e-06 1 576 48 
1.50204e-05 1 13824 1152 
