7.2456e-08 1.5128e-10 -1.5528e-12 
9.53674e-07 1 25720 8375.5 
1.90735e-06 1 28280 4608 
1.90735e-06 1 25720 8375.5 
9.53674e-07 1 28280 4608 
9.53674e-07 1 25720 8375.5 
1.19209e-06 1 28280 4608 
9.53674e-07 1 25720 8375.5 
1.90735e-06 1 28280 4608 
9.53674e-07 1 25720 8375.5 
9.53674e-07 1 28280 4608 
2.14577e-06 1 25720 8375.5 
3.09944e-06 1 28280 4608 
1.90735e-06 1 25720 8375.5 
2.14577e-06 1 28280 4608 
1.90735e-06 1 25720 8375.5 
4.05312e-06 1 28280 4608 
2.14577e-06 1 25720 8375.5 
9.53674e-07 1 28280 4608 
9.53674e-07 1 25720 8375.5 
9.53674e-07 1 28280 4608 
