2.84899e-14 3.98618e-10 -5.82764e-12 
9.05991e-06 1 11564 12037.2 
6.19888e-06 1 14085 5485.71 
2.86102e-06 1 9424 63195.4 
1.19209e-05 1 11599 33600 
5.00679e-06 1 11564 12037.2 
5.00679e-06 1 14085 5485.71 
4.05312e-06 1 9424 63195.4 
5.96046e-06 1 11599 33600 
5.00679e-06 1 11564 12037.2 
5.00679e-06 1 14085 5485.71 
4.05312e-06 1 9424 63195.4 
2.14577e-06 1 11599 33600 
4.05312e-06 1 11564 12037.2 
5.00679e-06 1 14085 5485.71 
4.05312e-06 1 9424 63195.4 
3.09944e-06 1 11599 33600 
5.00679e-06 1 11564 12037.2 
5.00679e-06 1 14085 5485.71 
2.86102e-06 1 9424 63195.4 
1.90735e-06 1 11599 33600 
8.82149e-06 1 14127 25644.5 
1.38283e-05 1 35842 9817.04 
5.00679e-06 1 12062 147456 
3.09944e-06 1 11532 9216 
8.10623e-06 1 14127 25644.5 
1.40667e-05 1 35842 9817.04 
5.00679e-06 1 12062 147456 
4.05312e-06 1 15381 28224 
8.10623e-06 1 14127 25644.5 
1.40667e-05 1 35842 9817.04 
5.00679e-06 1 12062 147456 
3.09944e-06 1 15381 28224 
8.10623e-06 1 14127 25644.5 
1.40667e-05 1 35842 9817.04 
5.00679e-06 1 12062 147456 
3.09944e-06 1 15381 28224 
8.10623e-06 1 14127 25644.5 
1.28746e-05 1 35842 9817.04 
5.00679e-06 1 12062 147456 
3.09944e-06 1 15381 28224 
5.00679e-06 1 11564 12037.2 
5.00679e-06 1 14085 5485.71 
4.05312e-06 1 12448 252782 
4.05312e-06 1 11599 33600 
4.05312e-06 1 11564 12037.2 
5.96046e-06 1 14085 5485.71 
3.09944e-06 1 9424 63195.4 
2.86102e-06 1 11599 33600 
3.8147e-06 1 11564 12037.2 
5.00679e-06 1 14085 5485.71 
2.86102e-06 1 9424 63195.4 
3.09944e-06 1 11599 33600 
5.00679e-06 1 11564 12037.2 
5.00679e-06 1 14085 5485.71 
2.86102e-06 1 9424 63195.4 
3.09944e-06 1 11599 33600 
4.05312e-06 1 11564 12037.2 
5.96046e-06 1 14085 5485.71 
2.86102e-06 1 9424 63195.4 
2.86102e-06 1 11599 33600 
5.96046e-06 1 12840 17839.7 
9.05991e-06 1 23043 7212.52 
4.05312e-06 1 10704 102578 
3.09944e-06 1 12830 29808 
5.96046e-06 1 12840 17839.7 
9.05991e-06 1 23043 7212.52 
4.05312e-06 1 10704 102578 
3.09944e-06 1 12830 29808 
5.96046e-06 1 12840 17839.7 
9.05991e-06 1 23043 7212.52 
4.05312e-06 1 10704 102578 
3.09944e-06 1 12830 29808 
5.00679e-06 1 12840 17839.7 
9.05991e-06 1 23043 7212.52 
4.05312e-06 1 10704 102578 
2.86102e-06 1 12830 29808 
5.96046e-06 1 12840 17839.7 
9.05991e-06 1 23043 7212.52 
4.05312e-06 1 10704 102578 
3.09944e-06 1 12830 29808 
1.09673e-05 1 15401 26660 
1.90735e-05 1 47363 11796.5 
5.96046e-06 1 16408 666501 
4.05312e-06 1 15374 24977 
8.82149e-06 1 15401 26660 
1.81198e-05 1 47363 11796.5 
5.96046e-06 1 13324 166625 
4.05312e-06 1 16656 32623 
1.00136e-05 1 15401 26660 
1.71661e-05 1 47363 11796.5 
5.96046e-06 1 13324 166625 
4.05312e-06 1 16656 32623 
9.05991e-06 1 15401 26660 
1.81198e-05 1 47363 11796.5 
5.96046e-06 1 13324 166625 
3.8147e-06 1 16656 32623 
1.00136e-05 1 15401 26660 
1.69277e-05 1 47363 11796.5 
5.96046e-06 1 13324 166625 
4.05312e-06 1 16656 32623 
7.15256e-06 1 12805 2621.44 
7.15256e-06 1 17924 3686.4 
4.05312e-06 1 10361 29491.2 
4.05312e-06 1 12898 72000 
6.91414e-06 1 12805 2621.44 
6.91414e-06 1 17924 3686.4 
3.09944e-06 1 10361 29491.2 
3.09944e-06 1 12898 72000 
5.96046e-06 1 12805 2621.44 
7.15256e-06 1 17924 3686.4 
4.05312e-06 1 10361 29491.2 
2.86102e-06 1 12898 72000 
7.15256e-06 1 12805 2621.44 
6.91414e-06 1 17924 3686.4 
3.09944e-06 1 10361 29491.2 
4.05312e-06 1 12898 72000 
7.15256e-06 1 12805 2621.44 
6.91414e-06 1 17924 3686.4 
3.09944e-06 1 10361 29491.2 
2.86102e-06 1 12898 72000 
9.05991e-06 1 14085 4272.15 
1.19209e-05 1 25602 4804.09 
5.00679e-06 1 14339 200791 
4.05312e-06 1 14117 60912 
9.05991e-06 1 14085 4272.15 
1.21593e-05 1 25602 4804.09 
5.00679e-06 1 11649 50197.8 
3.8147e-06 1 15403 82908 
8.82149e-06 1 14085 4272.15 
1.09673e-05 1 25602 4804.09 
4.05312e-06 1 11649 50197.8 
4.05312e-06 1 15403 82908 
1.00136e-05 1 14085 4272.15 
1.21593e-05 1 25602 4804.09 
4.05312e-06 1 11649 50197.8 
4.05312e-06 1 15403 82908 
9.05991e-06 1 14085 4272.15 
1.12057e-05 1 25602 4804.09 
3.8147e-06 1 11649 50197.8 
4.05312e-06 1 15403 82908 
5.00679e-06 1 11564 12037.2 
5.00679e-06 1 14085 5485.71 
4.05312e-06 1 9424 63195.4 
3.09944e-06 1 9006 12096 
5.00679e-06 1 11564 12037.2 
4.05312e-06 1 14085 5485.71 
3.09944e-06 1 9424 63195.4 
2.86102e-06 1 11599 33600 
4.05312e-06 1 11564 12037.2 
5.00679e-06 1 14085 5485.71 
2.86102e-06 1 9424 63195.4 
2.86102e-06 1 11599 33600 
5.00679e-06 1 11564 12037.2 
4.05312e-06 1 14085 5485.71 
4.05312e-06 1 9424 63195.4 
3.09944e-06 1 11599 33600 
4.05312e-06 1 11564 12037.2 
5.00679e-06 1 14085 5485.71 
4.05312e-06 1 9424 63195.4 
3.09944e-06 1 11599 33600 
5.96046e-06 1 11553 13937.2 
8.10623e-06 1 17924 5008.7 
4.05312e-06 1 9347 80139.1 
3.8147e-06 1 11560 26496 
5.00679e-06 1 11553 13937.2 
8.10623e-06 1 17924 5008.7 
4.05312e-06 1 9347 80139.1 
2.86102e-06 1 11560 26496 
5.96046e-06 1 11553 13937.2 
6.91414e-06 1 17924 5008.7 
4.05312e-06 1 9347 80139.1 
3.09944e-06 1 11560 26496 
5.96046e-06 1 11553 13937.2 
8.10623e-06 1 17924 5008.7 
4.05312e-06 1 9347 80139.1 
2.86102e-06 1 11560 26496 
5.96046e-06 1 11553 13937.2 
6.91414e-06 1 17924 5008.7 
4.05312e-06 1 9347 80139.1 
3.09944e-06 1 11560 26496 
6.91414e-06 1 12831 16279.1 
8.82149e-06 1 26883 6635.52 
4.05312e-06 1 13586 406979 
3.09944e-06 1 12825 30052.2 
6.91414e-06 1 12831 16279.1 
9.05991e-06 1 26883 6635.52 
4.05312e-06 1 10633 101745 
3.09944e-06 1 12825 30052.2 
7.15256e-06 1 12831 16279.1 
8.82149e-06 1 26883 6635.52 
3.8147e-06 1 10633 101745 
3.09944e-06 1 12825 30052.2 
6.91414e-06 1 12831 16279.1 
8.82149e-06 1 26883 6635.52 
4.05312e-06 1 10633 101745 
3.09944e-06 1 12825 30052.2 
5.96046e-06 1 12831 16279.1 
9.05991e-06 1 26883 6635.52 
4.05312e-06 1 10633 101745 
2.86102e-06 1 12825 30052.2 
6.91414e-06 1 11528 4096 
6.91414e-06 1 14083 3200 
3.09944e-06 1 9118 36864 
2.86102e-06 1 9006 20736 
5.96046e-06 1 11528 4096 
6.19888e-06 1 14083 3200 
2.86102e-06 1 9118 36864 
2.86102e-06 1 11599 57600 
5.96046e-06 1 11528 4096 
6.91414e-06 1 14083 3200 
2.86102e-06 1 9118 36864 
4.05312e-06 1 11599 57600 
5.96046e-06 1 11528 4096 
5.96046e-06 1 14083 3200 
2.86102e-06 1 9118 36864 
2.86102e-06 1 11599 57600 
5.96046e-06 1 11528 4096 
6.91414e-06 1 14083 3200 
3.09944e-06 1 9118 36864 
2.86102e-06 1 11599 57600 
7.86781e-06 1 11527 5105.82 
8.82149e-06 1 17922 3031.58 
4.05312e-06 1 11803 194021 
3.09944e-06 1 8984 15759.4 
7.15256e-06 1 11527 5105.82 
9.05991e-06 1 17922 3031.58 
4.05312e-06 1 9101 48505.3 
4.05312e-06 1 11560 43776 
6.91414e-06 1 11527 5105.82 
8.82149e-06 1 17922 3031.58 
3.8147e-06 1 9101 48505.3 
3.09944e-06 1 11560 43776 
7.86781e-06 1 11527 5105.82 
9.05991e-06 1 17922 3031.58 
3.09944e-06 1 9101 48505.3 
3.09944e-06 1 11560 43776 
6.91414e-06 1 11527 5105.82 
9.05991e-06 1 17922 3031.58 
4.05312e-06 1 9101 48505.3 
4.05312e-06 1 11560 43776 
1.00136e-05 1 14088 6359.04 
1.40667e-05 1 28162 5644.8 
3.8147e-06 1 14438 254362 
4.05312e-06 1 14112 48083.5 
1.00136e-05 1 14088 6359.04 
1.28746e-05 1 28162 5644.8 
5.00679e-06 1 11699 63590.4 
4.05312e-06 1 15397 65447 
1.09673e-05 1 14088 6359.04 
1.28746e-05 1 28162 5644.8 
5.00679e-06 1 11699 63590.4 
3.8147e-06 1 15397 65447 
9.05991e-06 1 14088 6359.04 
1.3113e-05 1 28162 5644.8 
5.00679e-06 1 11699 63590.4 
3.09944e-06 1 15397 65447 
9.05991e-06 1 14088 6359.04 
1.28746e-05 1 28162 5644.8 
5.00679e-06 1 11699 63590.4 
4.05312e-06 1 15397 65447 
8.10623e-06 1 12802 1633.86 
8.10623e-06 1 15362 2910.32 
3.09944e-06 1 12951 93130.1 
4.05312e-06 1 10298 32832 
7.86781e-06 1 12802 1633.86 
7.86781e-06 1 15362 2910.32 
3.8147e-06 1 10315 23282.5 
4.05312e-06 1 12898 91200 
7.86781e-06 1 12802 1633.86 
9.05991e-06 1 15362 2910.32 
3.09944e-06 1 10315 23282.5 
4.05312e-06 1 12898 91200 
8.10623e-06 1 12802 1633.86 
8.10623e-06 1 15362 2910.32 
4.05312e-06 1 10315 23282.5 
4.05312e-06 1 12898 91200 
7.86781e-06 1 12802 1633.86 
7.86781e-06 1 15362 2910.32 
4.05312e-06 1 10315 23282.5 
4.05312e-06 1 12898 91200 
1.12057e-05 1 12801 2118.01 
1.21593e-05 1 17920 2811.66 
4.05312e-06 1 10309 31240.7 
3.8147e-06 1 12851 67968 
1.00136e-05 1 12801 2118.01 
1.09673e-05 1 17920 2811.66 
4.05312e-06 1 10309 31240.7 
4.05312e-06 1 14141 97873.9 
1.00136e-05 1 12801 2118.01 
1.09673e-05 1 17920 2811.66 
4.05312e-06 1 10309 31240.7 
4.05312e-06 1 14141 97873.9 
1.00136e-05 1 12801 2118.01 
1.09673e-05 1 17920 2811.66 
3.8147e-06 1 10309 31240.7 
4.05312e-06 1 14141 97873.9 
9.77516e-06 1 12801 2118.01 
1.09673e-05 1 17920 2811.66 
4.05312e-06 1 10309 31240.7 
5.00679e-06 1 14141 97873.9 
5.00679e-06 1 11564 12037.2 
5.00679e-06 1 14085 5485.71 
3.09944e-06 1 9424 63195.4 
4.05312e-06 1 11599 33600 
4.05312e-06 1 11564 12037.2 
5.00679e-06 1 14085 5485.71 
3.09944e-06 1 9424 63195.4 
2.86102e-06 1 11599 33600 
5.00679e-06 1 11564 12037.2 
5.00679e-06 1 14085 5485.71 
3.09944e-06 1 9424 63195.4 
3.09944e-06 1 11599 33600 
4.05312e-06 1 11564 12037.2 
5.96046e-06 1 14085 5485.71 
4.05312e-06 1 9424 63195.4 
3.09944e-06 1 11599 33600 
5.00679e-06 1 11564 12037.2 
5.00679e-06 1 14085 5485.71 
2.86102e-06 1 9424 63195.4 
2.14577e-06 1 11599 33600 
5.00679e-06 1 11553 11986 
5.96046e-06 1 16644 5008.7 
4.05312e-06 1 9347 68919.7 
2.86102e-06 1 11575 30809.3 
5.00679e-06 1 11553 11986 
5.00679e-06 1 16644 5008.7 
4.05312e-06 1 9347 68919.7 
3.09944e-06 1 11575 30809.3 
5.00679e-06 1 11553 11986 
6.19888e-06 1 16644 5008.7 
4.05312e-06 1 9347 68919.7 
3.09944e-06 1 11575 30809.3 
4.76837e-06 1 11553 11986 
5.96046e-06 1 16644 5008.7 
4.05312e-06 1 9347 68919.7 
3.09944e-06 1 11575 30809.3 
5.00679e-06 1 11553 11986 
5.96046e-06 1 16644 5008.7 
2.86102e-06 1 9347 68919.7 
2.86102e-06 1 11575 30809.3 
6.91414e-06 1 11546 12032.4 
8.10623e-06 1 17923 4608 
3.8147e-06 1 9287 75202.6 
3.09944e-06 1 11559 28235.3 
6.19888e-06 1 11546 12032.4 
7.86781e-06 1 17923 4608 
3.09944e-06 1 9287 75202.6 
3.09944e-06 1 11559 28235.3 
6.91414e-06 1 11546 12032.4 
8.10623e-06 1 17923 4608 
4.05312e-06 1 9287 75202.6 
2.86102e-06 1 11559 28235.3 
5.96046e-06 1 11546 12032.4 
8.10623e-06 1 17923 4608 
4.05312e-06 1 9287 75202.6 
3.09944e-06 1 11559 28235.3 
5.96046e-06 1 11546 12032.4 
6.91414e-06 1 17923 4608 
2.86102e-06 1 9287 75202.6 
4.05312e-06 1 11559 28235.3 
5.00679e-06 1 11533 5523.85 
5.96046e-06 1 14083 3716.13 
3.09944e-06 1 9173 42809.8 
4.05312e-06 1 11599 49600 
4.76837e-06 1 11533 5523.85 
5.96046e-06 1 14083 3716.13 
2.86102e-06 1 9173 42809.8 
3.09944e-06 1 11599 49600 
5.00679e-06 1 11533 5523.85 
5.00679e-06 1 14083 3716.13 
2.86102e-06 1 9173 42809.8 
3.09944e-06 1 11599 49600 
5.96046e-06 1 11533 5523.85 
5.96046e-06 1 14083 3716.13 
3.09944e-06 1 9173 42809.8 
3.09944e-06 1 11599 49600 
5.00679e-06 1 11533 5523.85 
5.96046e-06 1 14083 3716.13 
3.09944e-06 1 9173 42809.8 
2.86102e-06 1 11599 49600 
5.96046e-06 1 12813 5822.41 
6.91414e-06 1 15363 5026.91 
4.05312e-06 1 10465 48034.9 
4.05312e-06 1 10281 15913.7 
7.15256e-06 1 12813 5822.41 
7.15256e-06 1 15363 5026.91 
3.09944e-06 1 10465 48034.9 
4.05312e-06 1 14163 63654.7 
5.96046e-06 1 12813 5822.41 
6.91414e-06 1 15363 5026.91 
3.09944e-06 1 10465 48034.9 
3.8147e-06 1 14163 63654.7 
5.96046e-06 1 12813 5822.41 
6.91414e-06 1 15363 5026.91 
4.05312e-06 1 10465 48034.9 
3.09944e-06 1 14163 63654.7 
5.96046e-06 1 12813 5822.41 
7.15256e-06 1 15363 5026.91 
3.09944e-06 1 10465 48034.9 
2.86102e-06 1 14163 63654.7 
7.86781e-06 1 11529 6138.98 
8.10623e-06 1 17922 3291.43 
4.05312e-06 1 9127 53716.1 
3.8147e-06 1 8982 14230.6 
8.10623e-06 1 11529 6138.98 
9.05991e-06 1 17922 3291.43 
3.8147e-06 1 9127 53716.1 
4.05312e-06 1 11558 39529.4 
6.91414e-06 1 11529 6138.98 
9.05991e-06 1 17922 3291.43 
4.05312e-06 1 9127 53716.1 
4.05312e-06 1 11558 39529.4 
6.91414e-06 1 11529 6138.98 
7.86781e-06 1 17922 3291.43 
4.05312e-06 1 9127 53716.1 
3.8147e-06 1 11558 39529.4 
8.10623e-06 1 11529 6138.98 
8.82149e-06 1 17922 3291.43 
4.05312e-06 1 9127 53716.1 
3.09944e-06 1 11558 39529.4 
6.19888e-06 1 11524 2870.97 
6.91414e-06 1 14081 2679.07 
2.86102e-06 1 9069 30862.9 
4.05312e-06 1 9006 24768 
6.19888e-06 1 11524 2870.97 
6.91414e-06 1 14081 2679.07 
3.09944e-06 1 9069 30862.9 
4.05312e-06 1 11599 68800 
5.96046e-06 1 11524 2870.97 
6.91414e-06 1 14081 2679.07 
2.86102e-06 1 9069 30862.9 
2.86102e-06 1 11599 68800 
5.96046e-06 1 11524 2870.97 
6.91414e-06 1 14081 2679.07 
3.09944e-06 1 9069 30862.9 
3.8147e-06 1 11599 68800 
5.96046e-06 1 11524 2870.97 
6.91414e-06 1 14081 2679.07 
2.86102e-06 1 9069 30862.9 
4.05312e-06 1 11599 68800 
6.91414e-06 1 11524 3131.16 
8.10623e-06 1 16642 2560 
2.86102e-06 1 11722 140902 
3.09944e-06 1 8992 21700.5 
6.91414e-06 1 11524 3131.16 
7.86781e-06 1 16642 2560 
3.09944e-06 1 9061 35225.6 
4.05312e-06 1 11574 60279.1 
5.96046e-06 1 11524 3131.16 
7.15256e-06 1 16642 2560 
2.86102e-06 1 9061 35225.6 
4.05312e-06 1 11574 60279.1 
6.91414e-06 1 11524 3131.16 
8.10623e-06 1 16642 2560 
3.8147e-06 1 9061 35225.6 
4.05312e-06 1 11574 60279.1 
6.91414e-06 1 11524 3131.16 
7.15256e-06 1 16642 2560 
3.09944e-06 1 9061 35225.6 
2.86102e-06 1 11574 60279.1 
1.00136e-05 1 14085 5319.33 
1.00136e-05 1 19202 3529.53 
4.05312e-06 1 10351 40001.4 
2.86102e-06 1 12849 53082.4 
9.05991e-06 1 14085 5319.33 
9.05991e-06 1 19202 3529.53 
4.05312e-06 1 10351 40001.4 
3.8147e-06 1 14139 76438.6 
9.05991e-06 1 14085 5319.33 
1.00136e-05 1 19202 3529.53 
3.8147e-06 1 10351 40001.4 
4.05312e-06 1 14139 76438.6 
8.10623e-06 1 14085 5319.33 
9.05991e-06 1 19202 3529.53 
4.05312e-06 1 10351 40001.4 
4.05312e-06 1 14139 76438.6 
8.82149e-06 1 14085 5319.33 
1.00136e-05 1 19202 3529.53 
4.05312e-06 1 10351 40001.4 
3.8147e-06 1 14139 76438.6 
9.05991e-06 1 14083 2552.91 
8.10623e-06 1 15362 2910.32 
2.86102e-06 1 12951 93130.1 
4.05312e-06 1 12898 91200 
8.10623e-06 1 14083 2552.91 
7.86781e-06 1 15362 2910.32 
3.09944e-06 1 10315 23282.5 
3.09944e-06 1 12898 91200 
8.10623e-06 1 14083 2552.91 
9.05991e-06 1 15362 2910.32 
3.09944e-06 1 10315 23282.5 
4.05312e-06 1 12898 91200 
8.10623e-06 1 14083 2552.91 
8.82149e-06 1 15362 2910.32 
4.05312e-06 1 10315 23282.5 
3.8147e-06 1 12898 91200 
8.10623e-06 1 14083 2552.91 
7.86781e-06 1 15362 2910.32 
4.05312e-06 1 10315 23282.5 
4.05312e-06 1 12898 91200 
1.00136e-05 1 14081 2846.08 
1.00136e-05 1 17921 2811.66 
4.05312e-06 1 10309 26867 
4.05312e-06 1 12869 79032.6 
1.00136e-05 1 14081 2846.08 
9.05991e-06 1 17921 2811.66 
4.05312e-06 1 10309 26867 
5.00679e-06 1 14163 113807 
9.05991e-06 1 14081 2846.08 
1.00136e-05 1 17921 2811.66 
4.05312e-06 1 10309 26867 
4.05312e-06 1 14163 113807 
1.00136e-05 1 14081 2846.08 
1.00136e-05 1 17921 2811.66 
4.05312e-06 1 10309 26867 
4.05312e-06 1 14163 113807 
1.00136e-05 1 14081 2846.08 
8.82149e-06 1 17921 2811.66 
3.8147e-06 1 10309 26867 
5.00679e-06 1 14163 113807 
5.00679e-06 1 11564 12037.2 
6.19888e-06 1 14085 5485.71 
4.05312e-06 1 12448 252782 
3.09944e-06 1 11599 33600 
5.00679e-06 1 11564 12037.2 
5.96046e-06 1 14085 5485.71 
3.09944e-06 1 9424 63195.4 
2.86102e-06 1 11599 33600 
5.00679e-06 1 11564 12037.2 
5.96046e-06 1 14085 5485.71 
4.05312e-06 1 9424 63195.4 
3.09944e-06 1 11599 33600 
4.05312e-06 1 11564 12037.2 
6.19888e-06 1 14085 5485.71 
4.05312e-06 1 9424 63195.4 
4.05312e-06 1 11599 33600 
5.00679e-06 1 11564 12037.2 
5.96046e-06 1 14085 5485.71 
2.86102e-06 1 9424 63195.4 
2.86102e-06 1 11599 33600 
5.00679e-06 1 11553 11010.4 
5.96046e-06 1 14084 5008.7 
4.05312e-06 1 9347 63309.9 
3.09944e-06 1 11584 33539.2 
5.00679e-06 1 11553 11010.4 
5.00679e-06 1 14084 5008.7 
3.8147e-06 1 9347 63309.9 
2.86102e-06 1 11584 33539.2 
5.00679e-06 1 11553 11010.4 
4.76837e-06 1 14084 5008.7 
2.86102e-06 1 9347 63309.9 
1.90735e-06 1 11584 33539.2 
5.00679e-06 1 11553 11010.4 
5.96046e-06 1 14084 5008.7 
3.09944e-06 1 9347 63309.9 
2.14577e-06 1 11584 33539.2 
4.05312e-06 1 11553 11010.4 
5.00679e-06 1 14084 5008.7 
3.09944e-06 1 9347 63309.9 
3.09944e-06 1 11584 33539.2 
6.91414e-06 1 11546 10145 
5.96046e-06 1 16644 4608 
2.86102e-06 1 9287 63406.1 
2.86102e-06 1 8993 12055.8 
5.96046e-06 1 11546 10145 
5.96046e-06 1 16644 4608 
4.05312e-06 1 9287 63406.1 
2.86102e-06 1 11575 33488.4 
5.96046e-06 1 11546 10145 
5.96046e-06 1 16644 4608 
4.05312e-06 1 9287 63406.1 
3.09944e-06 1 11575 33488.4 
5.00679e-06 1 11546 10145 
5.96046e-06 1 16644 4608 
3.09944e-06 1 9287 63406.1 
2.86102e-06 1 11575 33488.4 
5.00679e-06 1 11546 10145 
5.96046e-06 1 16644 4608 
4.05312e-06 1 9287 63406.1 
2.86102e-06 1 11575 33488.4 
5.96046e-06 1 11534 6312.03 
5.96046e-06 1 14083 3972.41 
4.05312e-06 1 9202 45762.2 
4.05312e-06 1 9006 16704 
4.76837e-06 1 11534 6312.03 
5.96046e-06 1 14083 3972.41 
3.09944e-06 1 9202 45762.2 
3.09944e-06 1 11599 46400 
5.00679e-06 1 11534 6312.03 
5.96046e-06 1 14083 3972.41 
2.86102e-06 1 9202 45762.2 
3.09944e-06 1 11599 46400 
5.00679e-06 1 11534 6312.03 
6.91414e-06 1 14083 3972.41 
4.05312e-06 1 9202 45762.2 
4.05312e-06 1 11599 46400 
5.00679e-06 1 11534 6312.03 
6.19888e-06 1 14083 3972.41 
3.09944e-06 1 9202 45762.2 
4.05312e-06 1 11599 46400 
5.96046e-06 1 11533 6060.89 
5.96046e-06 1 16644 3716.13 
4.05312e-06 1 11946 187887 
2.86102e-06 1 11585 45205.1 
5.00679e-06 1 11533 6060.89 
5.96046e-06 1 16644 3716.13 
3.8147e-06 1 9173 46971.9 
4.05312e-06 1 11585 45205.1 
5.00679e-06 1 11533 6060.89 
5.96046e-06 1 16644 3716.13 
2.86102e-06 1 9173 46971.9 
2.86102e-06 1 11585 45205.1 
5.00679e-06 1 11533 6060.89 
5.96046e-06 1 16644 3716.13 
3.09944e-06 1 9173 46971.9 
3.09944e-06 1 11585 45205.1 
5.96046e-06 1 11533 6060.89 
6.19888e-06 1 16644 3716.13 
3.09944e-06 1 9173 46971.9 
2.86102e-06 1 11585 45205.1 
7.86781e-06 1 12813 5822.41 
8.10623e-06 1 17924 5026.91 
4.05312e-06 1 10465 48034.9 
3.09944e-06 1 12869 44204.7 
7.15256e-06 1 12813 5822.41 
8.10623e-06 1 17924 5026.91 
4.05312e-06 1 10465 48034.9 
3.09944e-06 1 12869 44204.7 
5.96046e-06 1 12813 5822.41 
7.15256e-06 1 17924 5026.91 
4.05312e-06 1 10465 48034.9 
3.09944e-06 1 12869 44204.7 
5.96046e-06 1 12813 5822.41 
6.91414e-06 1 17924 5026.91 
4.05312e-06 1 10465 48034.9 
4.05312e-06 1 12869 44204.7 
7.15256e-06 1 12813 5822.41 
8.10623e-06 1 17924 5026.91 
3.8147e-06 1 10465 48034.9 
5.00679e-06 1 12869 44204.7 
6.91414e-06 1 11527 3676.19 
7.86781e-06 1 14083 3031.58 
3.8147e-06 1 11803 139695 
4.05312e-06 1 11599 60800 
6.91414e-06 1 11527 3676.19 
8.10623e-06 1 14083 3031.58 
3.09944e-06 1 9101 34923.8 
4.05312e-06 1 11599 60800 
6.91414e-06 1 11527 3676.19 
7.15256e-06 1 14083 3031.58 
4.05312e-06 1 9101 34923.8 
3.8147e-06 1 11599 60800 
7.15256e-06 1 11527 3676.19 
7.86781e-06 1 14083 3031.58 
4.05312e-06 1 9101 34923.8 
4.05312e-06 1 11599 60800 
7.15256e-06 1 11527 3676.19 
7.86781e-06 1 14083 3031.58 
4.05312e-06 1 9101 34923.8 
4.05312e-06 1 11599 60800 
7.15256e-06 1 12807 3640.32 
8.10623e-06 1 17923 4147.2 
3.8147e-06 1 10393 36403.2 
3.09944e-06 1 12882 58329.1 
8.10623e-06 1 12807 3640.32 
7.86781e-06 1 17923 4147.2 
4.05312e-06 1 10393 36403.2 
5.00679e-06 1 12882 58329.1 
7.86781e-06 1 12807 3640.32 
9.05991e-06 1 17923 4147.2 
4.05312e-06 1 10393 36403.2 
5.00679e-06 1 12882 58329.1 
8.10623e-06 1 12807 3640.32 
8.10623e-06 1 17923 4147.2 
2.86102e-06 1 10393 36403.2 
3.8147e-06 1 12882 58329.1 
8.10623e-06 1 12807 3640.32 
8.82149e-06 1 17923 4147.2 
2.00272e-05 1 10393 36403.2 
4.05312e-06 1 12882 58329.1 
