3.08752e-14 1.27966e-10 4.37377e-11 
1.09673e-05 1 24160 8760 
7.15256e-06 1 24160 8760 
7.15256e-06 1 24160 8760 
8.10623e-06 1 24160 8760 
6.91414e-06 1 24160 8760 
6.91414e-06 1 29920 10650 
6.91414e-06 1 29920 10650 
7.15256e-06 1 29920 10650 
7.86781e-06 1 29920 10650 
7.15256e-06 1 29920 10650 
9.05991e-06 1 68160 24420 
8.10623e-06 1 68160 24420 
7.86781e-06 1 68160 24420 
7.86781e-06 1 68160 24420 
8.10623e-06 1 68160 24420 
9.05991e-06 1 83135 29646 
9.05991e-06 1 83135 29646 
8.82149e-06 1 83135 29646 
9.05991e-06 1 83135 29646 
9.05991e-06 1 83135 29646 
7.86781e-06 1 24320 8760 
7.15256e-06 1 24320 8760 
6.91414e-06 1 24320 8760 
5.96046e-06 1 24320 8760 
7.86781e-06 1 24320 8760 
6.91414e-06 1 29280 10650 
6.91414e-06 1 29280 10650 
5.96046e-06 1 29280 10650 
6.19888e-06 1 29280 10650 
7.15256e-06 1 29280 10650 
1.00136e-05 1 48207 17028 
7.86781e-06 1 48207 17028 
8.10623e-06 1 48207 17028 
7.15256e-06 1 48207 17028 
7.86781e-06 1 48207 17028 
8.10623e-06 1 57264 20574 
1.19209e-05 1 57264 20574 
7.86781e-06 1 57264 20574 
7.86781e-06 1 57264 20574 
7.86781e-06 1 57264 20574 
1.00136e-05 1 91408 32688 
8.82149e-06 1 91408 32688 
9.05991e-06 1 91408 32688 
1.00136e-05 1 91408 32688 
9.05991e-06 1 91408 32688 
9.05991e-06 1 108720 39150 
9.05991e-06 1 108720 39150 
9.05991e-06 1 108720 39150 
9.05991e-06 1 108720 39150 
9.05991e-06 1 108720 39150 
8.82149e-06 1 54032 19272 
9.05991e-06 1 54032 19272 
8.82149e-06 1 54032 19272 
8.82149e-06 1 54032 19272 
1.00136e-05 1 54032 19272 
9.05991e-06 1 58784 20874 
1.00136e-05 1 58784 20874 
9.77516e-06 1 58784 20874 
1.00136e-05 1 58784 20874 
1.00136e-05 1 58784 20874 
1.09673e-05 1 99104 35604 
9.77516e-06 1 99104 35604 
1.09673e-05 1 99104 35604 
1.09673e-05 1 99104 35604 
1.09673e-05 1 99104 35604 
1.12057e-05 1 108832 38862 
1.21593e-05 1 108832 38862 
1.09673e-05 1 108832 38862 
1.12057e-05 1 108832 38862 
1.09673e-05 1 108832 38862 
7.86781e-06 1 24640 8760 
6.91414e-06 1 24640 8760 
7.15256e-06 1 24640 8760 
6.19888e-06 1 24640 8760 
6.91414e-06 1 24640 8760 
8.10623e-06 1 29680 10650 
6.91414e-06 1 29680 10650 
6.91414e-06 1 29680 10650 
7.15256e-06 1 29680 10650 
6.91414e-06 1 29680 10650 
8.10623e-06 1 37391 13332 
8.10623e-06 1 37391 13332 
6.91414e-06 1 37391 13332 
6.91414e-06 1 37391 13332 
6.91414e-06 1 37391 13332 
8.10623e-06 1 44527 16038 
7.86781e-06 1 44527 16038 
6.91414e-06 1 44527 16038 
7.86781e-06 1 44527 16038 
6.91414e-06 1 44527 16038 
8.82149e-06 1 56416 20016 
8.10623e-06 1 56416 20016 
8.10623e-06 1 56416 20016 
7.86781e-06 1 56416 20016 
9.05991e-06 1 56416 20016 
9.05991e-06 1 67808 23838 
9.05991e-06 1 67808 23838 
9.05991e-06 1 67808 23838 
8.82149e-06 1 67808 23838 
9.05991e-06 1 67808 23838 
8.10623e-06 1 42960 15330 
8.10623e-06 1 42960 15330 
8.10623e-06 1 42960 15330 
8.10623e-06 1 42960 15330 
8.10623e-06 1 42960 15330 
7.86781e-06 1 47280 17040 
8.10623e-06 1 47280 17040 
8.82149e-06 1 47280 17040 
6.91414e-06 1 47280 17040 
7.86781e-06 1 47280 17040 
1.00136e-05 1 62672 22422 
8.82149e-06 1 62672 22422 
9.05991e-06 1 62672 22422 
9.05991e-06 1 62672 22422 
8.10623e-06 1 62672 22422 
8.82149e-06 1 69567 24948 
9.05991e-06 1 69567 24948 
9.05991e-06 1 69567 24948 
9.05991e-06 1 69567 24948 
9.05991e-06 1 69567 24948 
1.09673e-05 1 90976 32526 
1.00136e-05 1 90976 32526 
1.00136e-05 1 90976 32526 
1.00136e-05 1 90976 32526 
1.00136e-05 1 90976 32526 
1.00136e-05 1 100688 36168 
1.09673e-05 1 100688 36168 
1.09673e-05 1 100688 36168 
1.09673e-05 1 100688 36168 
1.00136e-05 1 100688 36168 
1.19209e-05 1 68208 24528 
1.00136e-05 1 68208 24528 
1.00136e-05 1 68208 24528 
9.05991e-06 1 68208 24528 
9.05991e-06 1 68208 24528 
1.00136e-05 1 72255 25986 
1.00136e-05 1 72255 25986 
1.00136e-05 1 72255 25986 
1.00136e-05 1 72255 25986 
9.77516e-06 1 72255 25986 
1.3113e-05 1 98688 35148 
1.09673e-05 1 98688 35148 
1.09673e-05 1 98688 35148 
1.19209e-05 1 98688 35148 
1.12057e-05 1 98688 35148 
1.21593e-05 1 105152 37422 
1.12057e-05 1 105152 37422 
1.19209e-05 1 105152 37422 
1.21593e-05 1 105152 37422 
1.21593e-05 1 105152 37422 
6.91414e-06 1 24080 8760 
5.96046e-06 1 24080 8760 
6.91414e-06 1 24080 8760 
5.96046e-06 1 24080 8760 
5.96046e-06 1 24080 8760 
5.96046e-06 1 29440 10650 
7.15256e-06 1 29440 10650 
6.91414e-06 1 29440 10650 
7.15256e-06 1 29440 10650 
5.96046e-06 1 29440 10650 
7.86781e-06 1 31903 11484 
6.91414e-06 1 31903 11484 
5.96046e-06 1 31903 11484 
7.15256e-06 1 31903 11484 
7.15256e-06 1 31903 11484 
8.10623e-06 1 38560 13770 
6.91414e-06 1 38560 13770 
7.15256e-06 1 38560 13770 
7.15256e-06 1 38560 13770 
7.15256e-06 1 38560 13770 
6.91414e-06 1 41231 14832 
6.91414e-06 1 41231 14832 
8.10623e-06 1 41231 14832 
7.15256e-06 1 41231 14832 
8.10623e-06 1 41231 14832 
1.00136e-05 1 49344 17574 
9.05991e-06 1 49344 17574 
8.10623e-06 1 49344 17574 
7.86781e-06 1 49344 17574 
7.86781e-06 1 49344 17574 
1.00136e-05 1 37360 13140 
7.86781e-06 1 37360 13140 
8.10623e-06 1 37360 13140 
8.10623e-06 1 37360 13140 
7.15256e-06 1 37360 13140 
8.82149e-06 1 42240 14910 
8.10623e-06 1 42240 14910 
8.82149e-06 1 42240 14910 
8.10623e-06 1 42240 14910 
7.86781e-06 1 42240 14910 
1.00136e-05 1 46944 16704 
7.86781e-06 1 46944 16704 
8.10623e-06 1 46944 16704 
8.10623e-06 1 46944 16704 
7.86781e-06 1 46944 16704 
8.10623e-06 1 52560 18870 
7.86781e-06 1 52560 18870 
9.05991e-06 1 52560 18870 
7.86781e-06 1 52560 18870 
9.05991e-06 1 52560 18870 
9.05991e-06 1 58832 21012 
1.00136e-05 1 58832 21012 
9.05991e-06 1 58832 21012 
8.10623e-06 1 58832 21012 
7.86781e-06 1 58832 21012 
9.05991e-06 1 66464 23634 
1.00136e-05 1 66464 23634 
9.05991e-06 1 66464 23634 
8.82149e-06 1 66464 23634 
1.00136e-05 1 66464 23634 
1.00136e-05 1 51696 18396 
2.5034e-05 1 51696 18396 
8.82149e-06 1 51696 18396 
8.82149e-06 1 51696 18396 
9.05991e-06 1 51696 18396 
9.05991e-06 1 56112 20022 
9.05991e-06 1 56112 20022 
9.05991e-06 1 56112 20022 
1.00136e-05 1 56112 20022 
8.82149e-06 1 56112 20022 
1.00136e-05 1 64288 22968 
9.05991e-06 1 64288 22968 
1.00136e-05 1 64288 22968 
9.05991e-06 1 64288 22968 
9.05991e-06 1 64288 22968 
1.00136e-05 1 70080 24990 
1.00136e-05 1 70080 24990 
1.00136e-05 1 70080 24990 
1.00136e-05 1 70080 24990 
1.00136e-05 1 70080 24990 
1.12057e-05 1 79808 28428 
1.00136e-05 1 79808 28428 
1.12057e-05 1 79808 28428 
1.00136e-05 1 79808 28428 
1.00136e-05 1 79808 28428 
1.21593e-05 1 86256 30906 
1.00136e-05 1 86256 30906 
1.12057e-05 1 86256 30906 
1.00136e-05 1 86256 30906 
1.00136e-05 1 86256 30906 
1.09673e-05 1 68448 24528 
1.00136e-05 1 68448 24528 
1.00136e-05 1 68448 24528 
9.77516e-06 1 68448 24528 
1.00136e-05 1 68448 24528 
1.00136e-05 1 72896 25986 
1.09673e-05 1 72896 25986 
1.09673e-05 1 72896 25986 
1.00136e-05 1 72896 25986 
1.09673e-05 1 72896 25986 
2.59876e-05 1 83936 30276 
1.40667e-05 1 83936 30276 
1.5974e-05 1 83936 30276 
1.12057e-05 1 83936 30276 
1.09673e-05 1 83936 30276 
1.40667e-05 1 90720 32130 
1.28746e-05 1 90720 32130 
1.21593e-05 1 90720 32130 
1.21593e-05 1 90720 32130 
1.19209e-05 1 90720 32130 
8.10623e-06 1 24880 8760 
8.10623e-06 1 24880 8760 
6.91414e-06 1 24880 8760 
7.15256e-06 1 24880 8760 
6.91414e-06 1 24880 8760 
7.15256e-06 1 29760 10650 
7.15256e-06 1 29760 10650 
6.91414e-06 1 29760 10650 
7.15256e-06 1 29760 10650 
7.15256e-06 1 29760 10650 
7.86781e-06 1 29200 10560 
6.91414e-06 1 29200 10560 
6.19888e-06 1 29200 10560 
6.91414e-06 1 29200 10560 
6.91414e-06 1 29200 10560 
7.86781e-06 1 35536 12636 
6.91414e-06 1 35536 12636 
7.15256e-06 1 35536 12636 
6.91414e-06 1 35536 12636 
7.15256e-06 1 35536 12636 
7.86781e-06 1 35168 12528 
6.91414e-06 1 35168 12528 
7.15256e-06 1 35168 12528 
7.15256e-06 1 35168 12528 
6.91414e-06 1 35168 12528 
8.10623e-06 1 41680 14790 
8.10623e-06 1 41680 14790 
6.91414e-06 1 41680 14790 
7.86781e-06 1 41680 14790 
7.86781e-06 1 41680 14790 
1.00136e-05 1 34944 12264 
8.10623e-06 1 34944 12264 
7.86781e-06 1 34944 12264 
7.86781e-06 1 34944 12264 
6.91414e-06 1 34944 12264 
8.10623e-06 1 39648 14058 
7.86781e-06 1 39648 14058 
8.10623e-06 1 39648 14058 
8.10623e-06 1 39648 14058 
7.86781e-06 1 39648 14058 
9.05991e-06 1 40399 14400 
8.10623e-06 1 40399 14400 
7.86781e-06 1 40399 14400 
7.86781e-06 1 40399 14400 
8.10623e-06 1 40399 14400 
7.86781e-06 1 46240 16380 
9.05991e-06 1 46240 16380 
8.10623e-06 1 46240 16380 
8.10623e-06 1 46240 16380 
8.10623e-06 1 46240 16380 
9.05991e-06 1 46384 16704 
9.05991e-06 1 46384 16704 
7.86781e-06 1 46384 16704 
8.10623e-06 1 46384 16704 
9.05991e-06 1 46384 16704 
9.05991e-06 1 53280 18870 
8.82149e-06 1 53280 18870 
1.00136e-05 1 53280 18870 
8.10623e-06 1 53280 18870 
1.00136e-05 1 53280 18870 
1.00136e-05 1 45776 16206 
9.05991e-06 1 45776 16206 
8.82149e-06 1 45776 16206 
9.05991e-06 1 45776 16206 
9.05991e-06 1 45776 16206 
1.09673e-05 1 49872 17892 
9.05991e-06 1 49872 17892 
1.09673e-05 1 49872 17892 
9.05991e-06 1 49872 17892 
8.10623e-06 1 49872 17892 
1.00136e-05 1 53039 18720 
9.05991e-06 1 53039 18720 
1.00136e-05 1 53039 18720 
2.28882e-05 1 53039 18720 
1.09673e-05 1 53039 18720 
1.09673e-05 1 57472 20592 
1.00136e-05 1 57472 20592 
1.00136e-05 1 57472 20592 
9.05991e-06 1 57472 20592 
9.05991e-06 1 57472 20592 
