2.0948e-05 1.2294e-09 8.0037e-10 
4.05312e-06 1 11620 21312 
4.05312e-06 1 13120 340992 
4.05312e-06 1 11620 21312 
2.86102e-06 1 13120 340992 
1.19209e-05 1 12920 21312 
7.15256e-06 1 14720 340992 
1.50204e-05 1 16820 21312 
5.96046e-06 1 19520 340992 
2.28882e-05 1 24670 33300 
5.00679e-06 1 27520 340992 
4.76837e-06 1 11620 21312 
4.05312e-06 1 9760 85248 
5.96046e-06 1 11620 21312 
4.05312e-06 1 9760 85248 
5.96046e-06 1 12920 21312 
3.8147e-06 1 11200 85248 
8.82149e-06 1 15520 21312 
4.05312e-06 1 17920 340992 
1.69277e-05 1 22060 33300 
5.96046e-06 1 24320 340992 
