1.4812e-15 7.83852e-11 1.36116e-12 
2.14577e-06 1 20143 28964.6 
1.90735e-06 1 9575 101376 
1.90735e-06 1 20143 28964.6 
1.90735e-06 1 12135 405504 
9.53674e-07 1 21423 28964.6 
9.53674e-07 1 10855 101376 
2.14577e-06 1 23983 28964.6 
9.53674e-07 1 13415 101376 
3.09944e-06 1 29103 28964.6 
9.53674e-07 1 21095 405504 
2.14577e-06 1 38272 54432 
1.90735e-06 1 13032 217728 
2.14577e-06 1 38272 54432 
9.53674e-07 1 15592 870912 
2.86102e-06 1 42112 54432 
3.09944e-06 1 16872 217728 
4.05312e-06 1 49792 54432 
2.14577e-06 1 27112 870912 
6.19888e-06 1 66432 85050 
4.05312e-06 1 42472 870912 
9.53674e-07 1 20143 28964.6 
1.19209e-06 1 9575 101376 
9.53674e-07 1 20143 28964.6 
2.14577e-06 1 9575 101376 
1.19209e-06 1 21423 28964.6 
9.53674e-07 1 10855 101376 
2.14577e-06 1 23983 28964.6 
2.14577e-06 1 15975 405504 
3.09944e-06 1 27822 28964.6 
1.90735e-06 1 19814 405504 
1.90735e-06 1 29824 38304 
1.90735e-06 1 13864 612864 
1.19209e-06 1 31104 38304 
2.14577e-06 1 15144 612864 
3.09944e-06 1 33664 38304 
1.90735e-06 1 15144 153216 
4.05312e-06 1 38784 38304 
2.14577e-06 1 20264 153216 
5.00679e-06 1 47743 59850 
3.09944e-06 1 30503 612864 
2.86102e-06 1 48624 52565.3 
1.90735e-06 1 14648 236544 
3.09944e-06 1 51184 52565.3 
2.14577e-06 1 17208 236544 
4.05312e-06 1 55024 52565.3 
3.09944e-06 1 21048 236544 
5.96046e-06 1 63984 52565.3 
2.86102e-06 1 30008 236544 
1.09673e-05 1 87024 82133.3 
5.96046e-06 1 54328 946176 
1.90735e-06 1 36208 3931.48 
1.90735e-06 1 10856 37349.1 
9.53674e-07 1 37488 6142.94 
1.90735e-06 1 13416 149396 
3.09944e-06 1 41328 6142.94 
1.90735e-06 1 17256 149396 
4.05312e-06 1 51568 15725.9 
2.14577e-06 1 23656 149396 
6.91414e-06 1 74608 48160.6 
3.09944e-06 1 39016 149396 
2.14577e-06 1 56640 6128.64 
1.90735e-06 1 12584 61286.4 
3.09944e-06 1 60480 6128.64 
1.90735e-06 1 18984 245146 
4.05312e-06 1 70720 18769 
1.90735e-06 1 25384 245146 
6.19888e-06 1 87360 38304 
3.09944e-06 1 38184 245146 
1.40667e-05 1 124480 98058.2 
4.05312e-06 1 67624 245146 
1.90735e-06 1 20143 28964.6 
1.19209e-06 1 9575 101376 
9.53674e-07 1 20143 28964.6 
1.90735e-06 1 12135 405504 
1.90735e-06 1 21423 28964.6 
9.53674e-07 1 13415 405504 
1.90735e-06 1 23983 28964.6 
1.90735e-06 1 13415 101376 
3.09944e-06 1 29103 28964.6 
2.14577e-06 1 21095 405504 
1.90735e-06 1 24960 30240 
9.53674e-07 1 9800 120960 
1.19209e-06 1 26240 30240 
9.53674e-07 1 13640 483840 
2.14577e-06 1 26240 30240 
1.90735e-06 1 13640 483840 
2.86102e-06 1 30080 30240 
1.90735e-06 1 17480 483840 
3.8147e-06 1 41600 47250 
3.09944e-06 1 27720 483840 
9.53674e-07 1 33392 32540.4 
1.90735e-06 1 11384 146432 
2.14577e-06 1 34672 32540.4 
1.90735e-06 1 12664 146432 
2.86102e-06 1 38512 32540.4 
1.90735e-06 1 16504 146432 
2.86102e-06 1 42352 32540.4 
1.90735e-06 1 20344 146432 
6.91414e-06 1 58992 50844.4 
2.86102e-06 1 38264 585728 
1.90735e-06 1 29382 6750.36 
9.53674e-07 1 9575 48940.1 
1.90735e-06 1 30662 6750.36 
1.90735e-06 1 10855 48940.1 
1.90735e-06 1 34503 10547.4 
2.14577e-06 1 15975 195761 
2.86102e-06 1 39623 10547.4 
1.90735e-06 1 21095 195761 
5.00679e-06 1 54983 27001.5 
2.14577e-06 1 32616 195761 
2.14577e-06 1 37560 8055.61 
1.19209e-06 1 9800 62431 
2.14577e-06 1 41400 8055.61 
2.14577e-06 1 13640 62431 
3.09944e-06 1 46520 12586.9 
1.90735e-06 1 17480 62431 
4.05312e-06 1 54200 24670.3 
1.90735e-06 1 25160 249724 
7.86781e-06 1 77240 60920.5 
3.09944e-06 1 43080 249724 
2.14577e-06 1 51832 9681.45 
9.53674e-07 1 12664 79872 
1.90735e-06 1 54392 9681.45 
1.90735e-06 1 15224 79872 
3.09944e-06 1 60791 15127.3 
1.90735e-06 1 22904 319488 
5.96046e-06 1 74871 29649.5 
1.90735e-06 1 34424 319488 
1.21593e-05 1 103032 73216 
3.09944e-06 1 57464 319488 
2.14577e-06 1 43600 2270.82 
2.14577e-06 1 10856 28385.3 
1.90735e-06 1 44880 3548.16 
9.53674e-07 1 13416 113541 
3.09944e-06 1 56400 9083.29 
2.14577e-06 1 21096 113541 
5.00679e-06 1 70480 23985.6 
2.86102e-06 1 28776 113541 
9.05991e-06 1 97360 56770.6 
2.86102e-06 1 46696 113541 
3.09944e-06 1 56479 2862.96 
9.53674e-07 1 11079 37218.5 
2.14577e-06 1 61599 4473.37 
2.14577e-06 1 14920 37218.5 
4.05312e-06 1 71840 11451.8 
1.90735e-06 1 23880 148874 
5.96046e-06 1 92319 35071.2 
2.14577e-06 1 36679 148874 
1.40667e-05 1 130720 94656.6 
4.05312e-06 1 63560 148874 
1.90735e-06 1 20143 28964.6 
9.53674e-07 1 9575 101376 
2.14577e-06 1 20143 28964.6 
9.53674e-07 1 12135 405504 
1.90735e-06 1 21423 28964.6 
1.90735e-06 1 10855 101376 
1.90735e-06 1 23983 28964.6 
1.90735e-06 1 15975 405504 
2.86102e-06 1 29103 28964.6 
1.90735e-06 1 21095 405504 
9.53674e-07 1 23168 26208 
1.97887e-05 1 9688 104832 
9.53674e-07 1 24448 26208 
2.14577e-06 1 13528 419328 
1.90735e-06 1 24448 26208 
2.14577e-06 1 10968 104832 
2.86102e-06 1 28288 26208 
1.90735e-06 1 17368 419328 
5.00679e-06 1 37248 40950 
2.86102e-06 1 25048 419328 
1.90735e-06 1 26928 24348.4 
9.53674e-07 1 9816 109568 
1.90735e-06 1 28208 24348.4 
1.90735e-06 1 11096 109568 
2.14577e-06 1 30767 24348.4 
9.53674e-07 1 13655 109568 
2.86102e-06 1 35888 24348.4 
2.14577e-06 1 18776 109568 
3.8147e-06 1 44848 38044.4 
3.09944e-06 1 29016 438272 
9.53674e-07 1 26304 9856 
9.53674e-07 1 9576 59136 
1.90735e-06 1 27584 9856 
1.90735e-06 1 13416 236544 
2.14577e-06 1 30144 9856 
1.19209e-06 1 15976 236544 
2.86102e-06 1 35264 15400 
2.14577e-06 1 19816 236544 
5.00679e-06 1 46784 30184 
1.90735e-06 1 28776 236544 
1.90735e-06 1 30448 9924.92 
9.53674e-07 1 9688 64512 
2.14577e-06 1 31728 9924.92 
9.53674e-07 1 13528 258048 
3.09944e-06 1 36847 15507.7 
1.90735e-06 1 17368 258048 
4.05312e-06 1 43247 15507.7 
1.90735e-06 1 23768 258048 
5.00679e-06 1 56048 39699.7 
3.09944e-06 1 32728 258048 
1.90735e-06 1 36767 10062.4 
9.53674e-07 1 13655 281746 
1.90735e-06 1 36767 10062.4 
1.90735e-06 1 13655 281746 
2.86102e-06 1 40607 10062.4 
2.14577e-06 1 17495 281746 
3.8147e-06 1 52128 15722.4 
1.90735e-06 1 27735 281746 
6.91414e-06 1 73888 62889.8 
1.90735e-06 1 43095 281746 
1.90735e-06 1 33695 4380.44 
9.53674e-07 1 9575 39424 
2.14577e-06 1 34976 4380.44 
9.53674e-07 1 10856 39424 
2.86102e-06 1 40096 6844.44 
2.14577e-06 1 17256 157696 
4.05312e-06 1 50336 13415.1 
2.14577e-06 1 24936 157696 
7.15256e-06 1 69536 46268.4 
2.86102e-06 1 36456 157696 
2.14577e-06 1 40464 4646.29 
1.90735e-06 1 10968 44139.8 
1.90735e-06 1 40464 4646.29 
2.14577e-06 1 10968 44139.8 
2.86102e-06 1 48144 7259.83 
2.14577e-06 1 19928 176559 
4.05312e-06 1 59664 18585.2 
2.14577e-06 1 27608 176559 
7.86781e-06 1 81424 49076.5 
2.86102e-06 1 42968 176559 
1.90735e-06 1 47039 4930.56 
1.90735e-06 1 11095 49305.6 
1.90735e-06 1 49600 4930.56 
2.14577e-06 1 16216 197222 
3.09944e-06 1 58559 15099.8 
2.14577e-06 1 18775 49305.6 
5.00679e-06 1 71360 19722.2 
1.90735e-06 1 30296 49305.6 
1.09673e-05 1 100800 78889 
2.86102e-06 1 52056 197222 
2.14577e-06 1 43600 2270.82 
2.14577e-06 1 10856 28385.3 
2.86102e-06 1 47440 3548.16 
2.14577e-06 1 15976 113541 
3.09944e-06 1 56400 9083.29 
1.90735e-06 1 21096 113541 
5.00679e-06 1 73040 23985.6 
1.90735e-06 1 31336 113541 
1.09673e-05 1 103760 68692.4 
4.05312e-06 1 50536 113541 
3.09944e-06 1 50656 2481.23 
1.19209e-06 1 13528 129024 
1.90735e-06 1 54494 3876.92 
1.90735e-06 1 16087 129024 
4.05312e-06 1 66016 9924.92 
2.14577e-06 1 23768 129024 
6.91414e-06 1 83936 26208 
1.90735e-06 1 35288 129024 
1.28746e-05 1 117216 82035.7 
4.05312e-06 1 55768 129024 
9.53674e-07 1 20143 28964.6 
9.53674e-07 1 9575 101376 
9.53674e-07 1 20143 28964.6 
2.14577e-06 1 9575 101376 
1.90735e-06 1 21423 28964.6 
9.53674e-07 1 10855 101376 
2.14577e-06 1 23983 28964.6 
1.90735e-06 1 15975 405504 
4.05312e-06 1 29103 28964.6 
1.90735e-06 1 21095 405504 
9.53674e-07 1 22272 24192 
9.53674e-07 1 9632 96768 
9.53674e-07 1 22272 24192 
9.53674e-07 1 9632 96768 
1.90735e-06 1 23551 24192 
9.53674e-07 1 13471 387072 
2.14577e-06 1 27392 24192 
2.14577e-06 1 17312 387072 
2.86102e-06 1 35072 37800 
1.90735e-06 1 23712 387072 
2.14577e-06 1 24624 20707.6 
9.53674e-07 1 9688 93184 
9.53674e-07 1 25904 20707.6 
2.14577e-06 1 13528 372736 
2.14577e-06 1 28464 20707.6 
1.90735e-06 1 13528 93184 
2.86102e-06 1 31024 32355.6 
2.14577e-06 1 17368 372736 
5.00679e-06 1 45104 63416.9 
2.86102e-06 1 28888 372736 
2.14577e-06 1 25071 11729.5 
9.53674e-07 1 12135 258048 
1.90735e-06 1 25071 11729.5 
1.90735e-06 1 9575 64512 
2.14577e-06 1 28912 11729.5 
1.19209e-06 1 15976 258048 
2.86102e-06 1 30192 11729.5 
1.90735e-06 1 17256 258048 
3.8147e-06 1 44272 35921.5 
1.90735e-06 1 27496 258048 
2.14577e-06 1 27648 10752 
1.90735e-06 1 9632 64512 
9.53674e-07 1 28928 10752 
2.14577e-06 1 10912 64512 
2.86102e-06 1 31488 10752 
1.90735e-06 1 16032 258048 
3.09944e-06 1 36608 16800 
9.53674e-07 1 19872 258048 
5.00679e-06 1 50688 32928 
1.90735e-06 1 31392 258048 
1.90735e-06 1 30448 9924.92 
1.90735e-06 1 9688 64512 
2.14577e-06 1 31728 9924.92 
9.53674e-07 1 13528 258048 
1.90735e-06 1 35566 15507.7 
1.90735e-06 1 16087 258048 
5.00679e-06 1 43247 15507.7 
2.14577e-06 1 23768 258048 
6.19888e-06 1 54768 39699.7 
2.86102e-06 1 31448 258048 
2.14577e-06 1 30615 5907.45 
9.53674e-07 1 9575 45782.7 
1.90735e-06 1 31896 5907.45 
9.53674e-07 1 13416 183131 
3.09944e-06 1 35736 9230.39 
9.53674e-07 1 15976 183131 
4.05312e-06 1 43416 18091.6 
2.14577e-06 1 21096 183131 
6.91414e-06 1 61336 36921.5 
2.86102e-06 1 35176 183131 
1.90735e-06 1 33695 5687.01 
2.14577e-06 1 9631 46917.8 
9.53674e-07 1 34976 5687.01 
2.14577e-06 1 10912 46917.8 
2.86102e-06 1 40095 8885.95 
9.53674e-07 1 17312 187671 
4.05312e-06 1 50335 17416.5 
1.90735e-06 1 24992 187671 
6.91414e-06 1 69536 43008 
3.09944e-06 1 39072 187671 
