1.22338e-13 3.37362e-10 2.44807e-12 
6.98566e-05 1 25688 54150 
3.31402e-05 1 67800 213750 
2.86102e-06 1 12152 2850 
3.09944e-06 1 12152 2850 
8.82149e-06 1 22712 43350 
3.21865e-05 1 65400 191250 
3.8147e-06 1 10936 2550 
5.00679e-06 1 10936 2550 
1.40667e-05 1 22712 43350 
2.7895e-05 1 65400 191250 
4.05312e-06 1 10936 2550 
1.78814e-05 1 10936 2550 
9.05991e-06 1 22712 43350 
2.38419e-05 1 65400 191250 
3.09944e-06 1 10936 2550 
3.09944e-06 1 10936 2550 
1.21593e-05 1 22712 43350 
2.38419e-05 1 65400 191250 
1.90735e-06 1 10936 2550 
2.14577e-06 1 10936 2550 
5.00679e-06 1 22712 43350 
2.21729e-05 1 65400 191250 
3.09944e-06 1 10936 2550 
2.14577e-06 1 10936 2550 
3.8147e-06 1 2880 648 
3.09944e-06 1 2880 648 
2.14577e-06 1 360 108 
2.86102e-06 1 3096 1134 
1.90735e-06 1 1512 324 
1.90735e-06 1 576 216 
2.86102e-06 1 3744 2592 
3.09944e-06 1 5616 1296 
1.90735e-06 1 4680 2268 
2.86102e-06 1 9216 4536 
2.86102e-06 1 5544 5292 
4.05312e-06 1 7920 3888 
3.09944e-06 1 4032 1944 
1.50204e-05 1 7776 11664 
2.86102e-06 1 7920 3888 
1.90735e-06 1 4896 4536 
1.90735e-06 1 576 216 
4.05312e-06 1 360 108 
2.86102e-06 1 2880 648 
2.14577e-06 1 2880 648 
2.86102e-06 1 2736 1296 
2.86102e-06 1 4680 2268 
3.09944e-06 1 2736 1296 
8.10623e-06 1 7776 11664 
2.86102e-06 1 4680 2268 
3.09944e-06 1 3096 1134 
2.14577e-06 1 3744 2592 
2.14577e-06 1 2304 1512 
2.14577e-06 1 5544 5292 
3.09944e-06 1 296 36 
3.09944e-06 1 2024 252 
9.58443e-05 1 66360 164934 
0.000189066 1 342584 1.4687e+06 
3.8147e-06 1 33080 7854 
2.86102e-06 1 33080 7854 
4.19617e-05 1 59736 135014 
8.60691e-05 1 336600 1.32882e+06 
2.86102e-06 1 30072 7106 
3.09944e-06 1 30072 7106 
4.1008e-05 1 59736 135014 
0.000141144 1 336600 1.32882e+06 
4.05312e-06 1 30072 7106 
8.10623e-06 1 30072 7106 
3.21865e-05 1 59736 135014 
0.000143051 1 336600 1.32882e+06 
3.09944e-06 1 30072 7106 
3.09944e-06 1 30072 7106 
4.00543e-05 1 59736 135014 
0.000102043 1 336600 1.32882e+06 
4.05312e-06 1 30072 7106 
2.86102e-06 1 30072 7106 
3.60012e-05 1 59736 135014 
9.799e-05 1 336600 1.32882e+06 
4.05312e-06 1 30072 7106 
3.09944e-06 1 30072 7106 
4.05312e-06 1 6264 1458 
2.86102e-06 1 6264 1458 
1.90735e-06 1 504 162 
3.09944e-06 1 6552 2430 
2.14577e-06 1 2232 486 
1.90735e-06 1 1080 486 
8.10623e-06 1 8424 8748 
1.90735e-06 1 18360 4374 
2.86102e-06 1 13176 7290 
7.15256e-06 1 39096 21870 
8.10623e-06 1 20520 24300 
5.96046e-06 1 23544 13122 
3.09944e-06 1 7992 4374 
8.10623e-06 1 17496 39366 
5.00679e-06 1 23544 13122 
6.91414e-06 1 13176 14580 
1.90735e-06 1 1080 486 
1.90735e-06 1 504 162 
2.86102e-06 1 6264 1458 
1.90735e-06 1 6264 1458 
2.86102e-06 1 5400 2916 
5.00679e-06 1 13176 7290 
3.09944e-06 1 5400 2916 
8.10623e-06 1 17496 39366 
3.09944e-06 1 13176 7290 
2.86102e-06 1 6552 2430 
2.86102e-06 1 8424 8748 
1.90735e-06 1 4608 3240 
4.05312e-06 1 20520 24300 
1.90735e-06 1 440 54 
3.09944e-06 1 4328 540 
1.21593e-05 1 25688 54150 
2.28882e-05 1 67800 213750 
2.86102e-06 1 12152 2850 
1.90735e-06 1 12152 2850 
1.19209e-05 1 22712 43350 
1.40667e-05 1 65400 191250 
3.09944e-06 1 10936 2550 
2.14577e-06 1 10936 2550 
5.96046e-06 1 22712 43350 
1.40667e-05 1 65400 191250 
2.86102e-06 1 10936 2550 
1.90735e-06 1 10936 2550 
1.21593e-05 1 22712 43350 
2.40803e-05 1 65400 191250 
3.09944e-06 1 10936 2550 
1.90735e-06 1 10936 2550 
1.09673e-05 1 22712 43350 
2.40803e-05 1 65400 191250 
1.90735e-06 1 10936 2550 
2.28882e-05 1 10936 2550 
1.3113e-05 1 22712 43350 
2.69413e-05 1 65400 191250 
2.86102e-06 1 10936 2550 
3.09944e-06 1 10936 2550 
3.09944e-06 1 2880 648 
3.09944e-06 1 2880 648 
1.90735e-06 1 360 108 
3.09944e-06 1 3096 1134 
3.09944e-06 1 1512 324 
1.90735e-06 1 576 216 
2.14577e-06 1 3744 2592 
1.90735e-06 1 5616 1296 
3.09944e-06 1 4680 2268 
2.86102e-06 1 9216 4536 
3.09944e-06 1 5544 5292 
1.69277e-05 1 7920 3888 
1.90735e-06 1 4032 1944 
1.19209e-05 1 7776 11664 
2.86102e-06 1 7920 3888 
2.86102e-06 1 4896 4536 
2.14577e-06 1 576 216 
2.14577e-06 1 360 108 
1.90735e-06 1 2880 648 
2.86102e-06 1 2880 648 
1.90735e-06 1 2736 1296 
3.09944e-06 1 4680 2268 
2.86102e-06 1 2736 1296 
6.91414e-06 1 7776 11664 
2.86102e-06 1 4680 2268 
3.09944e-06 1 3096 1134 
2.86102e-06 1 3744 2592 
3.09944e-06 1 2304 1512 
3.09944e-06 1 5544 5292 
1.90735e-06 1 296 36 
1.90735e-06 1 2024 252 
3.69549e-05 1 47544 115542 
7.39098e-05 1 181304 720762 
3.09944e-06 1 23224 5502 
3.09944e-06 1 23224 5502 
8.82149e-06 1 42712 94582 
6.60419e-05 1 177112 652118 
1.90735e-06 1 21112 4978 
3.09944e-06 1 21112 4978 
1.88351e-05 1 42712 94582 
0.000118971 1 177112 652118 
5.00679e-06 1 21112 4978 
2.86102e-06 1 21112 4978 
1.5974e-05 1 42712 94582 
0.000108957 1 177112 652118 
4.05312e-06 1 21112 4978 
3.09944e-06 1 21112 4978 
1.88351e-05 1 42712 94582 
4.19617e-05 1 177112 652118 
1.90735e-06 1 21112 4978 
2.86102e-06 1 21112 4978 
9.05991e-06 1 42712 94582 
5.4121e-05 1 177112 652118 
2.14577e-06 1 21112 4978 
2.86102e-06 1 21112 4978 
3.09944e-06 1 4992 1152 
2.86102e-06 1 4992 1152 
1.90735e-06 1 456 144 
2.86102e-06 1 5256 1944 
4.05312e-06 1 1992 432 
3.8147e-06 1 896 384 
3.09944e-06 1 6656 6144 
1.90735e-06 1 12992 3072 
2.86102e-06 1 9696 5184 
5.00679e-06 1 25536 13824 
1.00136e-05 1 13824 15552 
5.96046e-06 1 17088 9216 
1.90735e-06 1 6528 3456 
7.86781e-06 1 13824 27648 
4.05312e-06 1 17088 9216 
5.96046e-06 1 9792 10368 
1.90735e-06 1 896 384 
1.90735e-06 1 456 144 
1.90735e-06 1 4992 1152 
2.86102e-06 1 4992 1152 
1.90735e-06 1 4416 2304 
3.8147e-06 1 9696 5184 
2.86102e-06 1 4416 2304 
7.15256e-06 1 13824 27648 
3.09944e-06 1 9696 5184 
2.86102e-06 1 5256 1944 
3.09944e-06 1 6656 6144 
2.14577e-06 1 3744 2592 
2.86102e-06 1 13824 15552 
1.90735e-06 1 392 48 
1.90735e-06 1 3464 432 
7.10487e-05 1 88504 242282 
0.000165939 1 503800 2.41229e+06 
4.05312e-06 1 44152 10534 
2.86102e-06 1 44152 10534 
8.10623e-05 1 80472 201978 
0.000166178 1 496472 2.20252e+06 
3.09944e-06 1 40472 9618 
3.09944e-06 1 40472 9618 
8.29697e-05 1 80472 201978 
0.000154018 1 496472 2.20252e+06 
1.28746e-05 1 40472 9618 
5.96046e-06 1 40472 9618 
3.00407e-05 1 80472 201978 
0.00017786 1 496472 2.20252e+06 
4.05312e-06 1 40472 9618 
3.09944e-06 1 40472 9618 
2.5034e-05 1 80472 201978 
0.000146866 1 496472 2.20252e+06 
4.05312e-06 1 40472 9618 
2.86102e-06 1 40472 9618 
5.79357e-05 1 80472 201978 
0.000167131 1 496472 2.20252e+06 
4.05312e-06 1 40472 9618 
3.09944e-06 1 40472 9618 
3.8147e-06 1 7680 1800 
1.90735e-06 1 7680 1800 
3.09944e-06 1 552 180 
2.86102e-06 1 7992 2970 
2.86102e-06 1 2472 540 
2.86102e-06 1 1280 600 
1.21593e-05 1 10400 12000 
3.09944e-06 1 25040 6000 
3.8147e-06 1 17400 9900 
9.05991e-06 1 57440 33000 
8.10623e-06 1 29480 36300 
7.86781e-06 1 31440 18000 
3.09944e-06 1 9600 5400 
8.82149e-06 1 21600 54000 
5.96046e-06 1 31440 18000 
6.91414e-06 1 17280 19800 
1.90735e-06 1 1280 600 
1.90735e-06 1 552 180 
3.09944e-06 1 7680 1800 
1.90735e-06 1 7680 1800 
3.09944e-06 1 6480 3600 
6.91414e-06 1 17400 9900 
3.09944e-06 1 6480 3600 
8.82149e-06 1 21600 54000 
3.8147e-06 1 17400 9900 
2.86102e-06 1 7992 2970 
4.05312e-06 1 10400 12000 
1.90735e-06 1 5568 3960 
4.05312e-06 1 29480 36300 
3.09944e-06 1 488 60 
2.14577e-06 1 5288 660 
1.90735e-05 1 66392 277350 
2.19345e-05 1 96600 483750 
3.09944e-06 1 26744 6450 
3.09944e-06 1 26744 6450 
1.40667e-05 1 62648 252150 
2.7895e-05 1 94200 461250 
4.05312e-06 1 25528 6150 
2.14577e-06 1 25528 6150 
2.40803e-05 1 62648 252150 
3.09944e-05 1 94200 461250 
3.09944e-06 1 25528 6150 
4.05312e-06 1 25528 6150 
2.00272e-05 1 62648 252150 
2.7895e-05 1 94200 461250 
3.8147e-06 1 25528 6150 
3.09944e-06 1 25528 6150 
9.48906e-05 1 62648 252150 
3.31402e-05 1 94200 461250 
3.09944e-06 1 25528 6150 
3.09944e-06 1 25528 6150 
1.69277e-05 1 62648 252150 
3.00407e-05 1 94200 461250 
2.86102e-06 1 25528 6150 
3.09944e-06 1 25528 6150 
4.05312e-06 1 4992 1152 
3.09944e-06 1 4992 1152 
2.86102e-06 1 512 192 
2.14577e-06 1 5504 2688 
2.14577e-06 1 3392 768 
2.14577e-06 1 672 288 
2.86102e-06 1 6048 4320 
3.09944e-06 1 7392 1728 
1.90735e-06 1 6912 4032 
4.05312e-06 1 10272 6048 
8.82149e-06 1 6888 8820 
2.86102e-06 1 11712 6912 
3.09944e-06 1 7872 4608 
7.15256e-06 1 13824 27648 
3.09944e-06 1 11712 6912 
5.96046e-06 1 7632 10080 
3.09944e-06 1 672 288 
3.09944e-06 1 512 192 
2.14577e-06 1 4992 1152 
2.86102e-06 1 4992 1152 
2.14577e-06 1 4992 2880 
3.09944e-06 1 6912 4032 
2.86102e-06 1 4992 2880 
7.15256e-06 1 13824 27648 
3.09944e-06 1 6912 4032 
3.09944e-06 1 5504 2688 
4.05312e-06 1 6048 4320 
3.09944e-06 1 4160 4200 
2.00272e-05 1 6888 8820 
2.14577e-06 1 392 48 
2.14577e-06 1 3368 420 
2.38419e-05 1 110520 530550 
5.6982e-05 1 231608 1.54449e+06 
4.05312e-06 1 48568 11790 
3.09944e-06 1 48568 11790 
2.5034e-05 1 104920 484438 
5.79357e-05 1 227416 1.47585e+06 
4.05312e-06 1 46456 11266 
3.09944e-06 1 46456 11266 
4.1008e-05 1 104920 484438 
6.79493e-05 1 227416 1.47585e+06 
6.19888e-06 1 46456 11266 
8.82149e-06 1 46456 11266 
3.38554e-05 1 104920 484438 
5.88894e-05 1 227416 1.47585e+06 
4.05312e-06 1 46456 11266 
2.86102e-06 1 46456 11266 
8.2016e-05 1 104920 484438 
6.81877e-05 1 227416 1.47585e+06 
4.05312e-06 1 46456 11266 
4.05312e-06 1 46456 11266 
2.69413e-05 1 104920 484438 
5.57899e-05 1 227416 1.47585e+06 
3.09944e-06 1 46456 11266 
2.86102e-06 1 46456 11266 
5.00679e-06 1 8704 2048 
2.86102e-06 1 8704 2048 
3.09944e-06 1 640 256 
3.09944e-06 1 9344 4608 
2.86102e-06 1 4480 1024 
5.00679e-06 1 1024 512 
1.90735e-05 1 10752 10240 
2.86102e-06 1 17152 4096 
5.00679e-06 1 14080 9216 
5.00679e-06 1 27904 18432 
9.05991e-06 1 16128 25920 
5.00679e-06 1 24832 16384 
2.86102e-06 1 12544 8192 
1.09673e-05 1 24576 65536 
4.05312e-06 1 24832 16384 
7.86781e-06 1 14656 23040 
3.09944e-06 1 1024 512 
1.90735e-06 1 640 256 
3.09944e-06 1 8704 2048 
1.90735e-06 1 8704 2048 
1.90735e-06 1 7936 5120 
6.91414e-06 1 14080 9216 
3.8147e-06 1 7936 5120 
9.05991e-06 1 24576 65536 
5.00679e-06 1 14080 9216 
2.86102e-06 1 9344 4608 
3.09944e-06 1 10752 10240 
1.90735e-06 1 6560 7200 
8.10623e-06 1 16128 25920 
2.86102e-06 1 520 64 
1.90735e-06 1 5768 720 
1.00136e-05 1 25688 54150 
2.40803e-05 1 67800 213750 
3.09944e-06 1 12152 2850 
3.09944e-06 1 12152 2850 
1.09673e-05 1 22712 43350 
2.09808e-05 1 65400 191250 
3.09944e-06 1 10936 2550 
2.86102e-06 1 10936 2550 
1.09673e-05 1 22712 43350 
2.12193e-05 1 65400 191250 
3.09944e-06 1 10936 2550 
1.90735e-06 1 10936 2550 
1.21593e-05 1 22712 43350 
2.81334e-05 1 65400 191250 
2.86102e-06 1 10936 2550 
2.86102e-06 1 10936 2550 
1.50204e-05 1 22712 43350 
2.38419e-05 1 65400 191250 
1.00136e-05 1 10936 2550 
6.91414e-06 1 10936 2550 
9.05991e-06 1 22712 43350 
2.31266e-05 1 65400 191250 
3.09944e-06 1 10936 2550 
3.09944e-06 1 10936 2550 
3.09944e-06 1 2880 648 
3.09944e-06 1 2880 648 
2.86102e-06 1 360 108 
2.86102e-06 1 3096 1134 
1.90735e-06 1 1512 324 
1.90735e-06 1 576 216 
3.09944e-06 1 3744 2592 
3.09944e-06 1 5616 1296 
2.86102e-06 1 4680 2268 
3.09944e-06 1 9216 4536 
2.86102e-06 1 5544 5292 
4.05312e-06 1 7920 3888 
1.90735e-06 1 4032 1944 
7.86781e-06 1 7776 11664 
2.86102e-06 1 7920 3888 
2.86102e-06 1 4896 4536 
1.90735e-06 1 576 216 
1.90735e-06 1 360 108 
2.14577e-06 1 2880 648 
2.14577e-06 1 2880 648 
3.09944e-06 1 2736 1296 
2.86102e-06 1 4680 2268 
3.09944e-06 1 2736 1296 
6.91414e-06 1 7776 11664 
2.86102e-06 1 4680 2268 
3.09944e-06 1 3096 1134 
3.09944e-06 1 3744 2592 
3.09944e-06 1 2304 1512 
2.14577e-06 1 5544 5292 
2.86102e-06 1 296 36 
1.90735e-06 1 2024 252 
8.10623e-06 1 38136 90846 
3.09944e-05 1 119480 445578 
2.86102e-06 1 18296 4326 
2.86102e-06 1 18296 4326 
7.15256e-06 1 34200 74366 
2.88486e-05 1 116184 403142 
1.90735e-06 1 16632 3914 
1.90735e-06 1 16632 3914 
6.91414e-06 1 34200 74366 
2.90871e-05 1 116184 403142 
2.14577e-06 1 16632 3914 
6.19888e-06 1 16632 3914 
1.69277e-05 1 34200 74366 
3.79086e-05 1 116184 403142 
4.05312e-06 1 16632 3914 
6.91414e-06 1 16632 3914 
9.05991e-06 1 34200 74366 
2.7895e-05 1 116184 403142 
3.09944e-06 1 16632 3914 
2.86102e-06 1 16632 3914 
3.50475e-05 1 34200 74366 
8.29697e-05 1 116184 403142 
5.96046e-06 1 16632 3914 
4.05312e-06 1 16632 3914 
4.05312e-06 1 3864 882 
2.86102e-06 1 3864 882 
3.09944e-06 1 408 126 
1.90735e-06 1 4104 1512 
1.90735e-06 1 1752 378 
3.09944e-06 1 728 294 
3.09944e-06 1 5096 4116 
3.09944e-06 1 8792 2058 
2.86102e-06 1 6888 3528 
4.05312e-06 1 15848 8232 
1.00136e-05 1 8960 9408 
5.00679e-06 1 11928 6174 
2.86102e-06 1 5208 2646 
7.15256e-06 1 10584 18522 
4.05312e-06 1 11928 6174 
3.09944e-06 1 7056 7056 
1.90735e-06 1 728 294 
1.90735e-06 1 408 126 
1.90735e-06 1 3864 882 
1.90735e-06 1 3864 882 
2.14577e-06 1 3528 1764 
2.86102e-06 1 6888 3528 
3.09944e-06 1 3528 1764 
8.10623e-06 1 10584 18522 
2.14577e-06 1 6888 3528 
3.09944e-06 1 4104 1512 
3.09944e-06 1 5096 4116 
2.14577e-06 1 2976 2016 
2.86102e-06 1 8960 9408 
2.14577e-06 1 344 42 
1.90735e-06 1 2696 336 
3.8147e-05 1 56120 149178 
9.10759e-05 1 210936 914526 
2.86102e-06 1 27256 6486 
2.86102e-06 1 27256 6486 
3.69549e-05 1 50904 124362 
7.70092e-05 1 206424 835002 
3.09944e-06 1 24984 5922 
1.90735e-06 1 24984 5922 
1.81198e-05 1 50904 124362 
9.60827e-05 1 206424 835002 
5.00679e-06 1 24984 5922 
2.86102e-06 1 24984 5922 
2.81334e-05 1 50904 124362 
5.50747e-05 1 206424 835002 
3.8147e-06 1 24984 5922 
2.86102e-06 1 24984 5922 
1.5974e-05 1 50904 124362 
0.000106096 1 206424 835002 
4.05312e-06 1 24984 5922 
9.05991e-06 1 24984 5922 
2.90871e-05 1 50904 124362 
7.89165e-05 1 206424 835002 
4.05312e-06 1 24984 5922 
2.86102e-06 1 24984 5922 
3.09944e-06 1 4992 1152 
2.86102e-06 1 4992 1152 
2.14577e-06 1 456 144 
3.09944e-06 1 5256 1944 
1.90735e-06 1 1992 432 
1.90735e-06 1 896 384 
2.86102e-06 1 6656 6144 
1.90735e-06 1 12992 3072 
4.05312e-06 1 9696 5184 
5.00679e-06 1 25536 13824 
8.82149e-06 1 13824 15552 
5.00679e-06 1 17088 9216 
1.90735e-06 1 6528 3456 
6.91414e-06 1 13824 27648 
4.05312e-06 1 17088 9216 
5.96046e-06 1 9792 10368 
3.09944e-06 1 896 384 
2.14577e-06 1 456 144 
2.14577e-06 1 4992 1152 
3.09944e-06 1 4992 1152 
3.09944e-06 1 4416 2304 
5.00679e-06 1 9696 5184 
4.05312e-06 1 4416 2304 
7.86781e-06 1 13824 27648 
5.00679e-06 1 9696 5184 
3.09944e-06 1 5256 1944 
3.09944e-06 1 6656 6144 
2.14577e-06 1 3744 2592 
3.09944e-06 1 13824 15552 
3.09944e-06 1 392 48 
1.90735e-06 1 3464 432 
1.40667e-05 1 50048 173400 
2.69413e-05 1 85800 382500 
1.90735e-06 1 21272 5100 
3.09944e-06 1 21272 5100 
2.00272e-05 1 46592 153600 
1.71661e-05 1 83400 360000 
2.86102e-06 1 20056 4800 
3.09944e-06 1 20056 4800 
1.09673e-05 1 46592 153600 
2.5034e-05 1 83400 360000 
2.86102e-06 1 20056 4800 
5.00679e-06 1 20056 4800 
2.7895e-05 1 46592 153600 
2.40803e-05 1 83400 360000 
7.15256e-06 1 20056 4800 
5.96046e-06 1 20056 4800 
4.19617e-05 1 46592 153600 
0.000108957 1 83400 360000 
5.00679e-06 1 20056 4800 
3.09944e-06 1 20056 4800 
1.88351e-05 1 46592 153600 
2.47955e-05 1 83400 360000 
2.86102e-06 1 20056 4800 
3.09944e-06 1 20056 4800 
2.86102e-06 1 4992 1152 
1.90735e-06 1 4992 1152 
1.90735e-06 1 512 192 
2.14577e-06 1 5504 2688 
2.86102e-06 1 3392 768 
3.09944e-06 1 672 288 
2.86102e-06 1 6048 4320 
2.86102e-06 1 7392 1728 
2.86102e-06 1 6912 4032 
3.09944e-06 1 10272 6048 
1.09673e-05 1 6888 8820 
2.86102e-06 1 11712 6912 
2.86102e-06 1 7872 4608 
7.86781e-06 1 13824 27648 
2.86102e-06 1 11712 6912 
5.96046e-06 1 7632 10080 
1.90735e-06 1 672 288 
1.90735e-06 1 512 192 
3.09944e-06 1 4992 1152 
1.90735e-06 1 4992 1152 
1.90735e-06 1 4992 2880 
3.09944e-06 1 6912 4032 
2.86102e-06 1 4992 2880 
7.15256e-06 1 13824 27648 
4.05312e-06 1 6912 4032 
2.86102e-06 1 5504 2688 
3.8147e-06 1 6048 4320 
2.86102e-06 1 4160 4200 
5.96046e-06 1 6888 8820 
2.86102e-06 1 392 48 
1.90735e-06 1 3368 420 
2.5034e-05 1 69696 266976 
3.09944e-05 1 144200 763848 
2.86102e-06 1 30776 7416 
3.09944e-06 1 30776 7416 
2.40803e-05 1 65280 238136 
3.40939e-05 1 140904 721412 
2.86102e-06 1 29112 7004 
2.86102e-06 1 29112 7004 
1.50204e-05 1 65280 238136 
3.40939e-05 1 140904 721412 
6.91414e-06 1 29112 7004 
5.00679e-06 1 29112 7004 
3.19481e-05 1 65280 238136 
4.88758e-05 1 140904 721412 
4.05312e-06 1 29112 7004 
3.09944e-06 1 29112 7004 
1.78814e-05 1 65280 238136 
6.19888e-05 1 140904 721412 
9.05991e-06 1 29112 7004 
5.00679e-06 1 29112 7004 
2.47955e-05 1 65280 238136 
4.1008e-05 1 140904 721412 
4.05312e-06 1 29112 7004 
3.09944e-06 1 29112 7004 
2.86102e-06 1 6720 1568 
1.90735e-06 1 6720 1568 
2.86102e-06 1 576 224 
3.09944e-06 1 7296 3584 
1.90735e-06 1 3936 896 
3.09944e-06 1 840 392 
2.86102e-06 1 8232 6860 
2.14577e-06 1 11592 2744 
2.86102e-06 1 10080 6272 
4.05312e-06 1 17472 10976 
7.86781e-06 1 10752 15680 
4.05312e-06 1 17472 10976 
2.86102e-06 1 10080 6272 
8.10623e-06 1 18816 43904 
2.86102e-06 1 17472 10976 
6.91414e-06 1 10752 15680 
2.14577e-06 1 840 392 
1.90735e-06 1 576 224 
2.14577e-06 1 6720 1568 
3.09944e-06 1 6720 1568 
2.86102e-06 1 6384 3920 
2.14577e-06 1 10080 6272 
3.09944e-06 1 6384 3920 
7.15256e-06 1 18816 43904 
5.00679e-06 1 10080 6272 
3.09944e-06 1 7296 3584 
4.05312e-06 1 8232 6860 
3.09944e-06 1 5280 5600 
5.96046e-06 1 10752 15680 
2.14577e-06 1 456 56 
2.14577e-06 1 4488 560 
2.28882e-05 1 97280 407208 
6.10352e-05 1 244776 1.51096e+06 
4.05312e-06 1 44296 10716 
3.09944e-06 1 44296 10716 
2.71797e-05 1 91584 365472 
5.19753e-05 1 240264 1.43143e+06 
2.86102e-06 1 42024 10152 
3.09944e-06 1 42024 10152 
4.22001e-05 1 91584 365472 
7.10487e-05 1 240264 1.43143e+06 
6.19888e-06 1 42024 10152 
1.21593e-05 1 42024 10152 
2.81334e-05 1 91584 365472 
5.10216e-05 1 240264 1.43143e+06 
2.86102e-06 1 42024 10152 
2.86102e-06 1 42024 10152 
6.60419e-05 1 91584 365472 
7.20024e-05 1 240264 1.43143e+06 
5.00679e-06 1 42024 10152 
4.05312e-06 1 42024 10152 
2.00272e-05 1 91584 365472 
5.6982e-05 1 240264 1.43143e+06 
3.09944e-06 1 42024 10152 
3.09944e-06 1 42024 10152 
3.09944e-06 1 8704 2048 
3.09944e-06 1 8704 2048 
2.86102e-06 1 640 256 
3.09944e-06 1 9344 4608 
1.90735e-06 1 4480 1024 
2.14577e-06 1 1024 512 
7.86781e-06 1 10752 10240 
1.90735e-06 1 17152 4096 
3.09944e-06 1 14080 9216 
5.00679e-06 1 27904 18432 
7.15256e-06 1 16128 25920 
3.8147e-06 1 24832 16384 
3.09944e-06 1 12544 8192 
9.05991e-06 1 24576 65536 
3.8147e-06 1 24832 16384 
8.10623e-06 1 14656 23040 
1.90735e-06 1 1024 512 
1.90735e-06 1 640 256 
1.90735e-06 1 8704 2048 
3.09944e-06 1 8704 2048 
1.90735e-06 1 7936 5120 
6.91414e-06 1 14080 9216 
3.8147e-06 1 7936 5120 
9.05991e-06 1 24576 65536 
3.09944e-06 1 14080 9216 
3.09944e-06 1 9344 4608 
3.09944e-06 1 10752 10240 
2.86102e-06 1 6560 7200 
7.86781e-06 1 16128 25920 
3.09944e-06 1 520 64 
2.86102e-06 1 5768 720 
2.19345e-05 1 90200 453750 
2.5034e-05 1 111000 618750 
3.09944e-06 1 34040 8250 
2.86102e-06 1 34040 8250 
2.7895e-05 1 86072 421350 
3.40939e-05 1 108600 596250 
2.86102e-06 1 32824 7950 
2.86102e-06 1 32824 7950 
2.81334e-05 1 86072 421350 
3.19481e-05 1 108600 596250 
9.05991e-06 1 32824 7950 
8.10623e-06 1 32824 7950 
3.31402e-05 1 86072 421350 
0.000104904 1 108600 596250 
4.05312e-06 1 32824 7950 
4.05312e-06 1 32824 7950 
2.98023e-05 1 86072 421350 
2.38419e-05 1 108600 596250 
3.8147e-06 1 32824 7950 
2.86102e-06 1 32824 7950 
7.51019e-05 1 86072 421350 
3.79086e-05 1 108600 596250 
4.05312e-06 1 32824 7950 
3.8147e-06 1 32824 7950 
4.05312e-06 1 7680 1800 
1.90735e-06 1 7680 1800 
2.14577e-06 1 680 300 
2.86102e-06 1 8600 5250 
3.09944e-06 1 6440 1500 
2.14577e-06 1 768 360 
3.09944e-06 1 8928 6480 
1.90735e-06 1 9168 2160 
2.86102e-06 1 9480 6300 
4.05312e-06 1 11328 7560 
1.00136e-05 1 8568 13230 
5.00679e-06 1 16080 10800 
3.09944e-06 1 13440 9000 
1.00136e-05 1 21600 54000 
2.86102e-06 1 16080 10800 
7.15256e-06 1 11160 18900 
1.90735e-06 1 768 360 
1.90735e-06 1 680 300 
1.90735e-06 1 7680 1800 
3.09944e-06 1 7680 1800 
3.09944e-06 1 8160 5400 
2.86102e-06 1 9480 6300 
3.09944e-06 1 8160 5400 
1.00136e-05 1 21600 54000 
5.00679e-06 1 9480 6300 
2.86102e-06 1 8600 5250 
4.05312e-06 1 8928 6480 
7.15256e-06 1 6840 9450 
5.96046e-06 1 8568 13230 
1.90735e-06 1 488 60 
3.09944e-06 1 5048 630 
4.31538e-05 1 119928 669294 
4.88758e-05 1 178808 1.20943e+06 
5.00679e-06 1 48248 11742 
4.05312e-06 1 48248 11742 
3.60012e-05 1 114840 623150 
4.79221e-05 1 175512 1.16699e+06 
4.05312e-06 1 46584 11330 
5.00679e-06 1 46584 11330 
5.38826e-05 1 114840 623150 
7.20024e-05 1 175512 1.16699e+06 
1.50204e-05 1 46584 11330 
7.86781e-06 1 46584 11330 
6.00815e-05 1 114840 623150 
4.88758e-05 1 175512 1.16699e+06 
5.00679e-06 1 46584 11330 
3.09944e-06 1 46584 11330 
9.60827e-05 1 114840 623150 
5.10216e-05 1 175512 1.16699e+06 
5.00679e-06 1 46584 11330 
3.09944e-06 1 46584 11330 
3.40939e-05 1 114840 623150 
5.48363e-05 1 175512 1.16699e+06 
5.00679e-06 1 46584 11330 
4.05312e-06 1 46584 11330 
4.05312e-06 1 10360 2450 
2.86102e-06 1 10360 2450 
1.90735e-06 1 760 350 
3.8147e-06 1 11400 7000 
2.86102e-06 1 7480 1750 
2.86102e-06 1 952 490 
1.09673e-05 1 12152 10290 
2.86102e-06 1 14392 3430 
3.09944e-06 1 13720 9800 
4.05312e-06 1 19096 13720 
6.91414e-06 1 12992 23520 
5.96046e-06 1 23800 17150 
4.05312e-06 1 17080 12250 
1.09673e-05 1 29400 85750 
4.05312e-06 1 23800 17150 
8.10623e-06 1 15400 29400 
1.90735e-06 1 952 490 
2.14577e-06 1 760 350 
2.14577e-06 1 10360 2450 
2.86102e-06 1 10360 2450 
4.05312e-06 1 10360 7350 
7.86781e-06 1 13720 9800 
2.86102e-06 1 10360 7350 
1.09673e-05 1 29400 85750 
4.05312e-06 1 13720 9800 
4.05312e-06 1 11400 7000 
5.00679e-06 1 12152 10290 
6.19888e-06 1 8520 12600 
5.96046e-06 1 12992 23520 
2.86102e-06 1 568 70 
1.90735e-06 1 6728 840 
1.09673e-05 1 25688 54150 
2.31266e-05 1 67800 213750 
2.86102e-06 1 12152 2850 
3.09944e-06 1 12152 2850 
6.19888e-06 1 22712 43350 
1.40667e-05 1 65400 191250 
2.86102e-06 1 10936 2550 
2.14577e-06 1 10936 2550 
1.09673e-05 1 22712 43350 
2.09808e-05 1 65400 191250 
3.09944e-06 1 10936 2550 
3.09944e-06 1 10936 2550 
1.81198e-05 1 22712 43350 
2.59876e-05 1 65400 191250 
4.05312e-06 1 10936 2550 
5.00679e-06 1 10936 2550 
9.05991e-06 1 22712 43350 
2.19345e-05 1 65400 191250 
2.86102e-06 1 10936 2550 
2.14577e-06 1 10936 2550 
5.96046e-06 1 22712 43350 
2.09808e-05 1 65400 191250 
1.90735e-06 1 10936 2550 
1.00136e-05 1 10936 2550 
3.8147e-06 1 2880 648 
3.09944e-06 1 2880 648 
2.86102e-06 1 360 108 
3.09944e-06 1 3096 1134 
1.90735e-06 1 1512 324 
2.14577e-06 1 576 216 
1.90735e-06 1 3744 2592 
2.14577e-06 1 5616 1296 
2.86102e-06 1 4680 2268 
3.09944e-06 1 9216 4536 
2.86102e-06 1 5544 5292 
2.86102e-06 1 7920 3888 
1.90735e-06 1 4032 1944 
1.19209e-05 1 7776 11664 
3.09944e-06 1 7920 3888 
3.09944e-06 1 4896 4536 
2.14577e-06 1 576 216 
2.86102e-06 1 360 108 
1.90735e-06 1 2880 648 
2.14577e-06 1 2880 648 
3.09944e-06 1 2736 1296 
3.09944e-06 1 4680 2268 
1.90735e-06 1 2736 1296 
8.10623e-06 1 7776 11664 
2.14577e-06 1 4680 2268 
2.86102e-06 1 3096 1134 
3.09944e-06 1 3744 2592 
2.14577e-06 1 2304 1512 
2.86102e-06 1 5544 5292 
3.09944e-06 1 296 36 
2.14577e-06 1 2024 252 
6.91414e-06 1 33432 78498 
2.00272e-05 1 93272 332682 
3.09944e-06 1 15832 3738 
1.90735e-06 1 15832 3738 
1.38283e-05 1 29944 64258 
2.81334e-05 1 90424 300998 
1.90735e-06 1 14392 3382 
3.09944e-06 1 14392 3382 
1.38283e-05 1 29944 64258 
1.81198e-05 1 90424 300998 
3.09944e-06 1 14392 3382 
3.09944e-06 1 14392 3382 
1.5974e-05 1 29944 64258 
8.70228e-05 1 90424 300998 
4.05312e-06 1 14392 3382 
4.05312e-06 1 14392 3382 
1.5974e-05 1 29944 64258 
2.81334e-05 1 90424 300998 
4.05312e-06 1 14392 3382 
9.05991e-06 1 14392 3382 
1.50204e-05 1 29944 64258 
3.19481e-05 1 90424 300998 
2.86102e-06 1 14392 3382 
3.09944e-06 1 14392 3382 
3.09944e-06 1 2880 648 
2.14577e-06 1 2880 648 
1.90735e-06 1 360 108 
3.09944e-06 1 3096 1134 
1.90735e-06 1 1512 324 
2.86102e-06 1 576 216 
1.90735e-06 1 3744 2592 
3.09944e-06 1 5616 1296 
2.86102e-06 1 4680 2268 
5.96046e-06 1 9216 4536 
2.86102e-06 1 5544 5292 
4.05312e-06 1 7920 3888 
2.86102e-06 1 4032 1944 
1.00136e-05 1 7776 11664 
3.09944e-06 1 7920 3888 
2.14577e-06 1 4896 4536 
3.09944e-06 1 576 216 
2.14577e-06 1 360 108 
1.90735e-06 1 2880 648 
1.90735e-06 1 2880 648 
1.90735e-06 1 2736 1296 
4.05312e-06 1 4680 2268 
2.86102e-06 1 2736 1296 
7.15256e-06 1 7776 11664 
3.09944e-06 1 4680 2268 
1.90735e-06 1 3096 1134 
2.86102e-06 1 3744 2592 
2.14577e-06 1 2304 1512 
2.14577e-06 1 5544 5292 
3.09944e-06 1 296 36 
3.09944e-06 1 2024 252 
2.00272e-05 1 42872 111090 
3.60012e-05 1 126840 507150 
1.90735e-06 1 20344 4830 
2.86102e-06 1 20344 4830 
1.78814e-05 1 38808 92610 
3.00407e-05 1 123480 463050 
1.90735e-06 1 18648 4410 
3.09944e-06 1 18648 4410 
1.81198e-05 1 38808 92610 
2.88486e-05 1 123480 463050 
4.05312e-06 1 18648 4410 
8.10623e-06 1 18648 4410 
1.5974e-05 1 38808 92610 
4.79221e-05 1 123480 463050 
6.91414e-06 1 18648 4410 
4.05312e-06 1 18648 4410 
1.00136e-05 1 38808 92610 
7.60555e-05 1 123480 463050 
7.86781e-06 1 18648 4410 
4.05312e-06 1 18648 4410 
9.05991e-06 1 38808 92610 
3.60012e-05 1 123480 463050 
3.09944e-06 1 18648 4410 
3.09944e-06 1 18648 4410 
4.05312e-06 1 3864 882 
3.09944e-06 1 3864 882 
2.86102e-06 1 408 126 
1.90735e-06 1 4104 1512 
2.14577e-06 1 1752 378 
2.14577e-06 1 728 294 
3.09944e-06 1 5096 4116 
2.86102e-06 1 8792 2058 
3.09944e-06 1 6888 3528 
4.05312e-06 1 15848 8232 
1.12057e-05 1 8960 9408 
3.8147e-06 1 11928 6174 
3.09944e-06 1 5208 2646 
7.86781e-06 1 10584 18522 
4.05312e-06 1 11928 6174 
3.09944e-06 1 7056 7056 
3.09944e-06 1 728 294 
1.90735e-06 1 408 126 
2.86102e-06 1 3864 882 
1.90735e-06 1 3864 882 
2.86102e-06 1 3528 1764 
4.05312e-06 1 6888 3528 
2.86102e-06 1 3528 1764 
6.91414e-06 1 10584 18522 
3.09944e-06 1 6888 3528 
2.14577e-06 1 4104 1512 
3.8147e-06 1 5096 4116 
3.09944e-06 1 2976 2016 
3.09944e-06 1 8960 9408 
2.14577e-06 1 344 42 
1.90735e-06 1 2696 336 
2.00272e-05 1 41528 126150 
2.5034e-05 1 79800 326250 
3.09944e-06 1 18232 4350 
2.86102e-06 1 18232 4350 
1.09673e-05 1 38232 109350 
2.19345e-05 1 77400 303750 
3.09944e-06 1 17016 4050 
3.09944e-06 1 17016 4050 
1.69277e-05 1 38232 109350 
2.47955e-05 1 77400 303750 
2.86102e-06 1 17016 4050 
3.09944e-06 1 17016 4050 
2.09808e-05 1 38232 109350 
2.40803e-05 1 77400 303750 
3.09944e-06 1 17016 4050 
7.15256e-06 1 17016 4050 
2.40803e-05 1 38232 109350 
2.71797e-05 1 77400 303750 
4.05312e-06 1 17016 4050 
2.86102e-06 1 17016 4050 
1.12057e-05 1 38232 109350 
2.31266e-05 1 77400 303750 
9.05991e-06 1 17016 4050 
3.8147e-05 1 17016 4050 
3.09944e-06 1 2880 648 
1.90735e-06 1 2880 648 
1.90735e-06 1 360 108 
2.86102e-06 1 3096 1134 
2.86102e-06 1 1512 324 
2.14577e-06 1 576 216 
1.90735e-06 1 3744 2592 
1.90735e-06 1 5616 1296 
2.86102e-06 1 4680 2268 
2.86102e-06 1 9216 4536 
1.90735e-06 1 5544 5292 
3.09944e-06 1 7920 3888 
1.90735e-06 1 4032 1944 
1.12057e-05 1 7776 11664 
3.09944e-06 1 7920 3888 
3.09944e-06 1 4896 4536 
2.14577e-06 1 576 216 
1.90735e-06 1 360 108 
1.90735e-06 1 2880 648 
3.09944e-06 1 2880 648 
3.09944e-06 1 2736 1296 
3.09944e-06 1 4680 2268 
1.90735e-06 1 2736 1296 
7.15256e-06 1 7776 11664 
3.09944e-06 1 4680 2268 
1.90735e-06 1 3096 1134 
3.09944e-06 1 3744 2592 
2.86102e-06 1 2304 1512 
3.09944e-06 1 5544 5292 
1.90735e-06 1 296 36 
2.14577e-06 1 2024 252 
1.5974e-05 1 51832 171058 
2.5034e-05 1 107512 491102 
1.90735e-06 1 23032 5518 
1.90735e-06 1 23032 5518 
1.19209e-05 1 48024 149698 
2.88486e-05 1 104664 459418 
2.86102e-06 1 21592 5162 
3.09944e-06 1 21592 5162 
1.19209e-05 1 48024 149698 
3.09944e-05 1 104664 459418 
2.86102e-06 1 21592 5162 
9.05991e-06 1 21592 5162 
2.59876e-05 1 48024 149698 
2.90871e-05 1 104664 459418 
8.10623e-06 1 21592 5162 
5.96046e-06 1 21592 5162 
2.59876e-05 1 48024 149698 
3.19481e-05 1 104664 459418 
4.05312e-06 1 21592 5162 
2.86102e-06 1 21592 5162 
4.48227e-05 1 48024 149698 
3.8147e-05 1 104664 459418 
4.05312e-06 1 21592 5162 
3.09944e-06 1 21592 5162 
3.09944e-06 1 2880 648 
1.90735e-06 1 2880 648 
3.09944e-06 1 360 108 
2.86102e-06 1 3096 1134 
2.14577e-06 1 1512 324 
1.90735e-06 1 576 216 
3.09944e-06 1 3744 2592 
1.90735e-06 1 5616 1296 
3.09944e-06 1 4680 2268 
4.05312e-06 1 9216 4536 
3.09944e-06 1 5544 5292 
4.05312e-06 1 7920 3888 
3.09944e-06 1 4032 1944 
8.82149e-06 1 7776 11664 
3.09944e-06 1 7920 3888 
1.90735e-06 1 4896 4536 
2.14577e-06 1 576 216 
2.14577e-06 1 360 108 
2.14577e-06 1 2880 648 
3.09944e-06 1 2880 648 
2.86102e-06 1 2736 1296 
4.05312e-06 1 4680 2268 
2.14577e-06 1 2736 1296 
7.15256e-06 1 7776 11664 
3.09944e-06 1 4680 2268 
3.09944e-06 1 3096 1134 
2.86102e-06 1 3744 2592 
2.14577e-06 1 2304 1512 
2.14577e-06 1 5544 5292 
2.86102e-06 1 296 36 
1.90735e-06 1 2024 252 
1.78814e-05 1 64152 228690 
3.09944e-05 1 143640 727650 
4.05312e-06 1 28824 6930 
3.09944e-06 1 28824 6930 
2.31266e-05 1 59768 201810 
3.60012e-05 1 140280 683550 
2.14577e-06 1 27128 6510 
2.86102e-06 1 27128 6510 
1.40667e-05 1 59768 201810 
5.50747e-05 1 140280 683550 
1.00136e-05 1 27128 6510 
3.8147e-06 1 27128 6510 
3.69549e-05 1 59768 201810 
5.10216e-05 1 140280 683550 
4.05312e-06 1 27128 6510 
3.09944e-06 1 27128 6510 
2.28882e-05 1 59768 201810 
0.000260115 1 140280 683550 
6.91414e-06 1 27128 6510 
6.19888e-06 1 27128 6510 
2.88486e-05 1 59768 201810 
3.91006e-05 1 140280 683550 
3.09944e-06 1 27128 6510 
2.86102e-06 1 27128 6510 
3.09944e-06 1 6720 1568 
1.90735e-06 1 6720 1568 
3.09944e-06 1 576 224 
2.14577e-06 1 7296 3584 
3.09944e-06 1 3936 896 
2.14577e-06 1 840 392 
2.86102e-06 1 8232 6860 
1.90735e-06 1 11592 2744 
3.09944e-06 1 10080 6272 
4.05312e-06 1 17472 10976 
9.05991e-06 1 10752 15680 
5.00679e-06 1 17472 10976 
3.09944e-06 1 10080 6272 
7.86781e-06 1 18816 43904 
4.05312e-06 1 17472 10976 
6.19888e-06 1 10752 15680 
2.14577e-06 1 840 392 
2.14577e-06 1 576 224 
1.90735e-06 1 6720 1568 
3.09944e-06 1 6720 1568 
1.90735e-06 1 6384 3920 
2.14577e-06 1 10080 6272 
2.86102e-06 1 6384 3920 
7.86781e-06 1 18816 43904 
2.86102e-06 1 10080 6272 
1.90735e-06 1 7296 3584 
4.05312e-06 1 8232 6860 
1.90735e-06 1 5280 5600 
6.91414e-06 1 10752 15680 
2.14577e-06 1 456 56 
1.90735e-06 1 4488 560 
1.81198e-05 1 62648 252150 
2.09808e-05 1 94200 461250 
3.09944e-06 1 25528 6150 
3.09944e-06 1 25528 6150 
2.38419e-05 1 58968 228150 
2.88486e-05 1 91800 438750 
2.86102e-06 1 24312 5850 
3.09944e-06 1 24312 5850 
2.19345e-05 1 58968 228150 
2.00272e-05 1 91800 438750 
3.09944e-06 1 24312 5850 
1.00136e-05 1 24312 5850 
2.69413e-05 1 58968 228150 
2.69413e-05 1 91800 438750 
7.86781e-06 1 24312 5850 
7.15256e-06 1 24312 5850 
5.88894e-05 1 58968 228150 
6.19888e-05 1 91800 438750 
6.19888e-06 1 24312 5850 
2.86102e-06 1 24312 5850 
2.98023e-05 1 58968 228150 
3.09944e-05 1 91800 438750 
2.14577e-06 1 24312 5850 
2.86102e-06 1 24312 5850 
4.05312e-06 1 4992 1152 
2.14577e-06 1 4992 1152 
3.09944e-06 1 512 192 
1.90735e-06 1 5504 2688 
3.09944e-06 1 3392 768 
1.90735e-06 1 672 288 
2.86102e-06 1 6048 4320 
1.90735e-06 1 7392 1728 
3.09944e-06 1 6912 4032 
4.05312e-06 1 10272 6048 
9.05991e-06 1 6888 8820 
4.05312e-06 1 11712 6912 
3.09944e-06 1 7872 4608 
7.86781e-06 1 13824 27648 
3.09944e-06 1 11712 6912 
5.96046e-06 1 7632 10080 
1.90735e-06 1 672 288 
1.90735e-06 1 512 192 
2.86102e-06 1 4992 1152 
2.14577e-06 1 4992 1152 
1.90735e-06 1 4992 2880 
2.86102e-06 1 6912 4032 
2.14577e-06 1 4992 2880 
6.91414e-06 1 13824 27648 
2.86102e-06 1 6912 4032 
1.90735e-06 1 5504 2688 
4.05312e-06 1 6048 4320 
3.09944e-06 1 4160 4200 
6.91414e-06 1 6888 8820 
2.14577e-06 1 392 48 
3.09944e-06 1 3368 420 
1.90735e-05 1 76024 329122 
3.60012e-05 1 124600 681206 
2.86102e-06 1 31672 7654 
3.09944e-06 1 31672 7654 
2.59876e-05 1 71832 299218 
3.50475e-05 1 121752 649522 
3.09944e-06 1 30232 7298 
3.09944e-06 1 30232 7298 
1.5974e-05 1 71832 299218 
3.69549e-05 1 121752 649522 
1.09673e-05 1 30232 7298 
1.00136e-05 1 30232 7298 
4.50611e-05 1 71832 299218 
4.69685e-05 1 121752 649522 
5.00679e-06 1 30232 7298 
3.09944e-06 1 30232 7298 
3.00407e-05 1 71832 299218 
3.60012e-05 1 121752 649522 
4.05312e-06 1 30232 7298 
2.86102e-06 1 30232 7298 
4.00543e-05 1 71832 299218 
3.40939e-05 1 121752 649522 
5.96046e-06 1 30232 7298 
3.09944e-06 1 30232 7298 
3.09944e-06 1 4992 1152 
2.86102e-06 1 4992 1152 
1.90735e-06 1 512 192 
2.14577e-06 1 5504 2688 
1.90735e-06 1 3392 768 
2.86102e-06 1 672 288 
3.09944e-06 1 6048 4320 
1.90735e-06 1 7392 1728 
1.90735e-06 1 6912 4032 
4.05312e-06 1 10272 6048 
1.00136e-05 1 6888 8820 
2.86102e-06 1 11712 6912 
2.86102e-06 1 7872 4608 
7.86781e-06 1 13824 27648 
3.09944e-06 1 11712 6912 
5.96046e-06 1 7632 10080 
1.90735e-06 1 672 288 
1.90735e-06 1 512 192 
1.90735e-06 1 4992 1152 
2.14577e-06 1 4992 1152 
2.86102e-06 1 4992 2880 
2.86102e-06 1 6912 4032 
3.09944e-06 1 4992 2880 
5.96046e-06 1 13824 27648 
3.09944e-06 1 6912 4032 
1.90735e-06 1 5504 2688 
4.05312e-06 1 6048 4320 
3.09944e-06 1 4160 4200 
6.91414e-06 1 6888 8820 
3.09944e-06 1 392 48 
3.09944e-06 1 3368 420 
2.19345e-05 1 91800 425250 
4.22001e-05 1 163800 992250 
3.09944e-06 1 39000 9450 
3.09944e-06 1 39000 9450 
2.88486e-05 1 87032 388290 
4.69685e-05 1 160440 948150 
3.09944e-06 1 37304 9030 
1.90735e-06 1 37304 9030 
2.00272e-05 1 87032 388290 
8.70228e-05 1 160440 948150 
5.00679e-06 1 37304 9030 
4.05312e-06 1 37304 9030 
3.50475e-05 1 87032 388290 
4.41074e-05 1 160440 948150 
3.8147e-06 1 37304 9030 
3.09944e-06 1 37304 9030 
4.00543e-05 1 87032 388290 
4.1008e-05 1 160440 948150 
3.09944e-06 1 37304 9030 
3.09944e-06 1 37304 9030 
3.00407e-05 1 87032 388290 
4.60148e-05 1 160440 948150 
3.09944e-06 1 37304 9030 
3.09944e-06 1 37304 9030 
2.86102e-06 1 6720 1568 
3.09944e-06 1 6720 1568 
2.14577e-06 1 576 224 
2.14577e-06 1 7296 3584 
2.86102e-06 1 3936 896 
2.14577e-06 1 840 392 
4.05312e-06 1 8232 6860 
2.86102e-06 1 11592 2744 
2.86102e-06 1 10080 6272 
5.00679e-06 1 17472 10976 
6.91414e-06 1 10752 15680 
4.05312e-06 1 17472 10976 
3.09944e-06 1 10080 6272 
8.82149e-06 1 18816 43904 
2.86102e-06 1 17472 10976 
5.96046e-06 1 10752 15680 
3.09944e-06 1 840 392 
1.90735e-06 1 576 224 
1.90735e-06 1 6720 1568 
1.90735e-06 1 6720 1568 
3.09944e-06 1 6384 3920 
1.90735e-06 1 10080 6272 
3.09944e-06 1 6384 3920 
7.86781e-06 1 18816 43904 
3.09944e-06 1 10080 6272 
3.09944e-06 1 7296 3584 
4.05312e-06 1 8232 6860 
3.09944e-06 1 5280 5600 
6.91414e-06 1 10752 15680 
3.09944e-06 1 456 56 
2.86102e-06 1 4488 560 
2.69413e-05 1 90200 453750 
3.48091e-05 1 111000 618750 
2.86102e-06 1 34040 8250 
2.14577e-06 1 34040 8250 
2.7895e-05 1 86072 421350 
2.31266e-05 1 108600 596250 
2.86102e-06 1 32824 7950 
2.86102e-06 1 32824 7950 
2.7895e-05 1 86072 421350 
7.10487e-05 1 108600 596250 
1.09673e-05 1 32824 7950 
5.00679e-06 1 32824 7950 
8.98838e-05 1 86072 421350 
3.50475e-05 1 108600 596250 
4.05312e-06 1 32824 7950 
4.05312e-06 1 32824 7950 
3.60012e-05 1 86072 421350 
3.50475e-05 1 108600 596250 
3.8147e-06 1 32824 7950 
2.86102e-06 1 32824 7950 
2.21729e-05 1 86072 421350 
3.38554e-05 1 108600 596250 
2.86102e-06 1 32824 7950 
1.90735e-06 1 32824 7950 
2.86102e-06 1 7680 1800 
3.09944e-06 1 7680 1800 
3.09944e-06 1 680 300 
4.05312e-06 1 8600 5250 
1.90735e-06 1 6440 1500 
1.90735e-06 1 768 360 
3.09944e-06 1 8928 6480 
1.90735e-06 1 9168 2160 
3.09944e-06 1 9480 6300 
3.09944e-06 1 11328 7560 
8.10623e-06 1 8568 13230 
4.05312e-06 1 16080 10800 
3.09944e-06 1 13440 9000 
9.05991e-06 1 21600 54000 
4.05312e-06 1 16080 10800 
7.15256e-06 1 11160 18900 
1.90735e-06 1 768 360 
1.90735e-06 1 680 300 
2.14577e-06 1 7680 1800 
2.14577e-06 1 7680 1800 
2.86102e-06 1 8160 5400 
3.8147e-06 1 9480 6300 
3.09944e-06 1 8160 5400 
9.05991e-06 1 21600 54000 
4.05312e-06 1 9480 6300 
2.86102e-06 1 8600 5250 
3.8147e-06 1 8928 6480 
7.15256e-06 1 6840 9450 
5.96046e-06 1 8568 13230 
3.09944e-06 1 488 60 
2.86102e-06 1 5048 630 
3.71933e-05 1 107160 578322 
3.09944e-05 1 144536 902994 
2.86102e-06 1 41752 10146 
2.86102e-06 1 41752 10146 
2.38419e-05 1 102520 538450 
4.3869e-05 1 141688 871310 
4.05312e-06 1 40312 9790 
2.86102e-06 1 40312 9790 
3.19481e-05 1 102520 538450 
7.39098e-05 1 141688 871310 
7.15256e-06 1 40312 9790 
5.96046e-06 1 40312 9790 
4.1008e-05 1 102520 538450 
4.00543e-05 1 141688 871310 
3.8147e-06 1 40312 9790 
3.09944e-06 1 40312 9790 
6.10352e-05 1 102520 538450 
8.41618e-05 1 141688 871310 
6.19888e-06 1 40312 9790 
4.05312e-06 1 40312 9790 
3.60012e-05 1 102520 538450 
4.00543e-05 1 141688 871310 
4.05312e-06 1 40312 9790 
2.86102e-06 1 40312 9790 
3.8147e-06 1 7680 1800 
3.09944e-06 1 7680 1800 
1.90735e-06 1 680 300 
3.09944e-06 1 8600 5250 
1.90735e-06 1 6440 1500 
2.86102e-06 1 768 360 
3.09944e-06 1 8928 6480 
2.86102e-06 1 9168 2160 
3.09944e-06 1 9480 6300 
3.09944e-06 1 11328 7560 
1.19209e-05 1 8568 13230 
3.8147e-06 1 16080 10800 
3.09944e-06 1 13440 9000 
1.09673e-05 1 21600 54000 
2.86102e-06 1 16080 10800 
6.91414e-06 1 11160 18900 
3.09944e-06 1 768 360 
1.90735e-06 1 680 300 
2.14577e-06 1 7680 1800 
1.90735e-06 1 7680 1800 
2.86102e-06 1 8160 5400 
2.86102e-06 1 9480 6300 
2.86102e-06 1 8160 5400 
1.00136e-05 1 21600 54000 
4.05312e-06 1 9480 6300 
3.09944e-06 1 8600 5250 
4.05312e-06 1 8928 6480 
5.96046e-06 1 6840 9450 
6.19888e-06 1 8568 13230 
2.86102e-06 1 488 60 
3.09944e-06 1 5048 630 
1.00136e-05 1 25688 54150 
2.21729e-05 1 67800 213750 
3.09944e-06 1 12152 2850 
2.14577e-06 1 12152 2850 
1.09673e-05 1 22712 43350 
2.19345e-05 1 65400 191250 
2.14577e-06 1 10936 2550 
1.90735e-06 1 10936 2550 
1.09673e-05 1 22712 43350 
2.09808e-05 1 65400 191250 
1.90735e-06 1 10936 2550 
2.14577e-06 1 10936 2550 
1.40667e-05 1 22712 43350 
2.59876e-05 1 65400 191250 
3.09944e-06 1 10936 2550 
3.09944e-06 1 10936 2550 
8.10623e-06 1 22712 43350 
2.31266e-05 1 65400 191250 
4.05312e-06 1 10936 2550 
3.09944e-06 1 10936 2550 
5.00679e-06 1 22712 43350 
1.90735e-05 1 65400 191250 
1.90735e-06 1 10936 2550 
6.91414e-06 1 10936 2550 
4.05312e-06 1 2880 648 
2.86102e-06 1 2880 648 
3.09944e-06 1 360 108 
2.86102e-06 1 3096 1134 
2.86102e-06 1 1512 324 
1.90735e-06 1 576 216 
2.14577e-06 1 3744 2592 
1.90735e-06 1 5616 1296 
1.90735e-06 1 4680 2268 
4.05312e-06 1 9216 4536 
1.90735e-06 1 5544 5292 
2.86102e-06 1 7920 3888 
1.90735e-06 1 4032 1944 
1.09673e-05 1 7776 11664 
2.86102e-06 1 7920 3888 
1.90735e-06 1 4896 4536 
2.14577e-06 1 576 216 
1.90735e-06 1 360 108 
1.90735e-06 1 2880 648 
2.86102e-06 1 2880 648 
1.90735e-06 1 2736 1296 
3.09944e-06 1 4680 2268 
2.14577e-06 1 2736 1296 
6.91414e-06 1 7776 11664 
3.09944e-06 1 4680 2268 
1.90735e-06 1 3096 1134 
2.86102e-06 1 3744 2592 
2.86102e-06 1 2304 1512 
3.09944e-06 1 5544 5292 
1.90735e-06 1 296 36 
1.90735e-06 1 2024 252 
1.19209e-05 1 31080 72324 
1.88351e-05 1 81344 282408 
3.09944e-06 1 14600 3444 
2.86102e-06 1 14600 3444 
6.91414e-06 1 27816 59204 
2.00272e-05 1 78720 255512 
3.09944e-06 1 13272 3116 
2.86102e-06 1 13272 3116 
7.15256e-06 1 27816 59204 
2.59876e-05 1 78720 255512 
1.90735e-06 1 13272 3116 
3.09944e-06 1 13272 3116 
1.00136e-05 1 27816 59204 
3.19481e-05 1 78720 255512 
5.00679e-06 1 13272 3116 
9.05991e-06 1 13272 3116 
1.40667e-05 1 27816 59204 
2.88486e-05 1 78720 255512 
3.09944e-06 1 13272 3116 
3.09944e-06 1 13272 3116 
4.19617e-05 1 27816 59204 
3.19481e-05 1 78720 255512 
4.05312e-06 1 13272 3116 
3.09944e-06 1 13272 3116 
3.09944e-06 1 2880 648 
2.86102e-06 1 2880 648 
1.90735e-06 1 360 108 
3.09944e-06 1 3096 1134 
1.90735e-06 1 1512 324 
2.86102e-06 1 576 216 
1.90735e-06 1 3744 2592 
2.86102e-06 1 5616 1296 
2.86102e-06 1 4680 2268 
3.09944e-06 1 9216 4536 
3.09944e-06 1 5544 5292 
4.05312e-06 1 7920 3888 
2.14577e-06 1 4032 1944 
9.05991e-06 1 7776 11664 
3.09944e-06 1 7920 3888 
3.09944e-06 1 4896 4536 
1.90735e-06 1 576 216 
1.90735e-06 1 360 108 
3.09944e-06 1 2880 648 
3.09944e-06 1 2880 648 
5.00679e-06 1 2736 1296 
4.05312e-06 1 4680 2268 
3.09944e-06 1 2736 1296 
7.86781e-06 1 7776 11664 
3.09944e-06 1 4680 2268 
3.09944e-06 1 3096 1134 
2.86102e-06 1 3744 2592 
3.09944e-06 1 2304 1512 
1.90735e-06 1 5544 5292 
1.90735e-06 1 296 36 
2.14577e-06 1 2024 252 
1.19209e-05 1 36984 94162 
2.88486e-05 1 96120 364366 
3.09944e-06 1 17272 4094 
2.14577e-06 1 17272 4094 
6.91414e-06 1 33432 78498 
1.78814e-05 1 93272 332682 
2.14577e-06 1 15832 3738 
3.09944e-06 1 15832 3738 
5.96046e-06 1 33432 78498 
1.81198e-05 1 93272 332682 
2.14577e-06 1 15832 3738 
2.86102e-06 1 15832 3738 
1.00136e-05 1 33432 78498 
3.40939e-05 1 93272 332682 
6.91414e-06 1 15832 3738 
5.96046e-06 1 15832 3738 
1.78814e-05 1 33432 78498 
3.09944e-05 1 93272 332682 
1.50204e-05 1 15832 3738 
1.09673e-05 1 15832 3738 
1.88351e-05 1 33432 78498 
3.09944e-05 1 93272 332682 
4.05312e-06 1 15832 3738 
2.86102e-06 1 15832 3738 
3.09944e-06 1 2880 648 
3.09944e-06 1 2880 648 
2.14577e-06 1 360 108 
2.14577e-06 1 3096 1134 
1.90735e-06 1 1512 324 
1.90735e-06 1 576 216 
3.09944e-06 1 3744 2592 
3.09944e-06 1 5616 1296 
3.09944e-06 1 4680 2268 
2.86102e-06 1 9216 4536 
1.90735e-06 1 5544 5292 
4.05312e-06 1 7920 3888 
3.09944e-06 1 4032 1944 
1.00136e-05 1 7776 11664 
3.09944e-06 1 7920 3888 
3.09944e-06 1 4896 4536 
1.90735e-06 1 576 216 
1.90735e-06 1 360 108 
1.90735e-06 1 2880 648 
1.90735e-06 1 2880 648 
3.09944e-06 1 2736 1296 
4.05312e-06 1 4680 2268 
3.09944e-06 1 2736 1296 
7.15256e-06 1 7776 11664 
3.09944e-06 1 4680 2268 
3.09944e-06 1 3096 1134 
2.86102e-06 1 3744 2592 
3.09944e-06 1 2304 1512 
2.86102e-06 1 5544 5292 
1.90735e-06 1 296 36 
1.90735e-06 1 2024 252 
1.81198e-05 1 38232 109350 
1.78814e-05 1 77400 303750 
1.90735e-06 1 17016 4050 
2.14577e-06 1 17016 4050 
1.50204e-05 1 35000 93750 
2.28882e-05 1 75000 281250 
2.14577e-06 1 15800 3750 
1.90735e-06 1 15800 3750 
1.50204e-05 1 35000 93750 
2.28882e-05 1 75000 281250 
1.90735e-06 1 15800 3750 
3.09944e-06 1 15800 3750 
2.28882e-05 1 35000 93750 
2.28882e-05 1 75000 281250 
3.09944e-06 1 15800 3750 
6.91414e-06 1 15800 3750 
1.88351e-05 1 35000 93750 
1.69277e-05 1 75000 281250 
3.09944e-06 1 15800 3750 
1.90735e-06 1 15800 3750 
1.00136e-05 1 35000 93750 
2.40803e-05 1 75000 281250 
3.09944e-06 1 15800 3750 
5.00679e-06 1 15800 3750 
4.05312e-06 1 2880 648 
3.09944e-06 1 2880 648 
1.90735e-06 1 360 108 
3.09944e-06 1 3096 1134 
2.14577e-06 1 1512 324 
2.14577e-06 1 576 216 
1.90735e-06 1 3744 2592 
1.90735e-06 1 5616 1296 
3.09944e-06 1 4680 2268 
4.05312e-06 1 9216 4536 
2.86102e-06 1 5544 5292 
3.09944e-06 1 7920 3888 
2.86102e-06 1 4032 1944 
1.09673e-05 1 7776 11664 
2.86102e-06 1 7920 3888 
3.09944e-06 1 4896 4536 
2.14577e-06 1 576 216 
1.90735e-06 1 360 108 
1.90735e-06 1 2880 648 
1.90735e-06 1 2880 648 
2.86102e-06 1 2736 1296 
2.86102e-06 1 4680 2268 
3.09944e-06 1 2736 1296 
6.91414e-06 1 7776 11664 
2.86102e-06 1 4680 2268 
2.86102e-06 1 3096 1134 
1.90735e-06 1 3744 2592 
1.90735e-06 1 2304 1512 
3.09944e-06 1 5544 5292 
1.90735e-06 1 296 36 
2.86102e-06 1 2024 252 
2.19345e-05 1 44776 137924 
3.00407e-05 1 91840 389992 
3.09944e-06 1 19912 4756 
3.09944e-06 1 19912 4756 
1.19209e-05 1 41256 119556 
2.81334e-05 1 89216 363096 
2.86102e-06 1 18584 4428 
1.90735e-06 1 18584 4428 
1.88351e-05 1 41256 119556 
3.00407e-05 1 89216 363096 
1.90735e-06 1 18584 4428 
5.96046e-06 1 18584 4428 
2.69413e-05 1 41256 119556 
2.69413e-05 1 89216 363096 
3.8147e-06 1 18584 4428 
8.10623e-06 1 18584 4428 
2.09808e-05 1 41256 119556 
2.90871e-05 1 89216 363096 
3.09944e-06 1 18584 4428 
2.86102e-06 1 18584 4428 
1.09673e-05 1 41256 119556 
0.000123024 1 89216 363096 
1.69277e-05 1 18584 4428 
5.00679e-06 1 18584 4428 
4.05312e-06 1 2880 648 
2.86102e-06 1 2880 648 
1.90735e-06 1 360 108 
1.90735e-06 1 3096 1134 
1.90735e-06 1 1512 324 
1.90735e-06 1 576 216 
2.86102e-06 1 3744 2592 
2.86102e-06 1 5616 1296 
3.09944e-06 1 4680 2268 
5.96046e-06 1 9216 4536 
2.86102e-06 1 5544 5292 
4.05312e-06 1 7920 3888 
2.86102e-06 1 4032 1944 
1.28746e-05 1 7776 11664 
3.09944e-06 1 7920 3888 
2.86102e-06 1 4896 4536 
3.09944e-06 1 576 216 
1.90735e-06 1 360 108 
2.86102e-06 1 2880 648 
1.90735e-06 1 2880 648 
3.09944e-06 1 2736 1296 
3.09944e-06 1 4680 2268 
4.05312e-06 1 2736 1296 
1.5974e-05 1 7776 11664 
4.05312e-06 1 4680 2268 
5.96046e-06 1 3096 1134 
5.00679e-06 1 3744 2592 
4.05312e-06 1 2304 1512 
3.09944e-06 1 5544 5292 
8.10623e-06 1 296 36 
5.00679e-06 1 2024 252 
2.19345e-05 1 51832 171058 
3.60012e-05 1 107512 491102 
4.05312e-06 1 23032 5518 
3.09944e-06 1 23032 5518 
1.3113e-05 1 48024 149698 
3.09944e-05 1 104664 459418 
3.09944e-06 1 21592 5162 
3.09944e-06 1 21592 5162 
2.12193e-05 1 48024 149698 
4.19617e-05 1 104664 459418 
9.05991e-06 1 21592 5162 
4.05312e-06 1 21592 5162 
2.5034e-05 1 48024 149698 
6.19888e-05 1 104664 459418 
1.3113e-05 1 21592 5162 
4.05312e-06 1 21592 5162 
0.000108957 1 48024 149698 
6.79493e-05 1 104664 459418 
5.00679e-06 1 21592 5162 
6.19888e-06 1 21592 5162 
2.69413e-05 1 48024 149698 
3.60012e-05 1 104664 459418 
3.8147e-06 1 21592 5162 
3.09944e-06 1 21592 5162 
4.05312e-06 1 2880 648 
3.09944e-06 1 2880 648 
3.09944e-06 1 360 108 
2.86102e-06 1 3096 1134 
3.09944e-06 1 1512 324 
3.09944e-06 1 576 216 
5.00679e-06 1 3744 2592 
4.05312e-06 1 5616 1296 
5.00679e-06 1 4680 2268 
3.8147e-06 1 9216 4536 
2.86102e-06 1 5544 5292 
4.05312e-06 1 7920 3888 
4.05312e-06 1 4032 1944 
1.5974e-05 1 7776 11664 
6.91414e-06 1 7920 3888 
3.8147e-06 1 4896 4536 
4.05312e-06 1 576 216 
4.05312e-06 1 360 108 
2.86102e-06 1 2880 648 
2.86102e-06 1 2880 648 
2.86102e-06 1 2736 1296 
5.00679e-06 1 4680 2268 
3.09944e-06 1 2736 1296 
1.40667e-05 1 7776 11664 
4.05312e-06 1 4680 2268 
2.86102e-06 1 3096 1134 
4.05312e-06 1 3744 2592 
3.09944e-06 1 2304 1512 
3.09944e-06 1 5544 5292 
1.90735e-06 1 296 36 
3.09944e-06 1 2024 252 
1.90735e-05 1 53568 194400 
2.09808e-05 1 88200 405000 
2.86102e-06 1 22488 5400 
1.90735e-06 1 22488 5400 
2.40803e-05 1 50048 173400 
2.69413e-05 1 85800 382500 
4.05312e-06 1 21272 5100 
4.05312e-06 1 21272 5100 
1.88351e-05 1 50048 173400 
6.10352e-05 1 85800 382500 
8.10623e-06 1 21272 5100 
5.00679e-06 1 21272 5100 
4.19617e-05 1 50048 173400 
3.71933e-05 1 85800 382500 
3.09944e-06 1 21272 5100 
3.09944e-06 1 21272 5100 
1.40667e-05 1 50048 173400 
9.17912e-05 1 85800 382500 
7.15256e-06 1 21272 5100 
8.10623e-06 1 21272 5100 
3.00407e-05 1 50048 173400 
2.19345e-05 1 85800 382500 
3.09944e-06 1 21272 5100 
2.14577e-06 1 21272 5100 
4.05312e-06 1 4992 1152 
2.86102e-06 1 4992 1152 
3.09944e-06 1 512 192 
3.09944e-06 1 5504 2688 
3.09944e-06 1 3392 768 
2.86102e-06 1 672 288 
2.86102e-06 1 6048 4320 
3.09944e-06 1 7392 1728 
4.05312e-06 1 6912 4032 
4.05312e-06 1 10272 6048 
1.09673e-05 1 6888 8820 
4.05312e-06 1 11712 6912 
4.05312e-06 1 7872 4608 
1.00136e-05 1 13824 27648 
2.86102e-06 1 11712 6912 
9.05991e-06 1 7632 10080 
3.09944e-06 1 672 288 
3.09944e-06 1 512 192 
3.09944e-06 1 4992 1152 
2.86102e-06 1 4992 1152 
5.00679e-06 1 4992 2880 
2.86102e-06 1 6912 4032 
2.86102e-06 1 4992 2880 
1.3113e-05 1 13824 27648 
4.05312e-06 1 6912 4032 
2.86102e-06 1 5504 2688 
3.09944e-06 1 6048 4320 
3.09944e-06 1 4160 4200 
1.00136e-05 1 6888 8820 
2.86102e-06 1 392 48 
3.09944e-06 1 3368 420 
2.59876e-05 1 61408 236816 
3.50475e-05 1 103648 511024 
3.8147e-06 1 25888 6232 
3.09944e-06 1 25888 6232 
2.09808e-05 1 57600 212544 
2.5034e-05 1 101024 484128 
4.05312e-06 1 24560 5904 
2.86102e-06 1 24560 5904 
2.40803e-05 1 57600 212544 
4.69685e-05 1 101024 484128 
8.10623e-06 1 24560 5904 
4.05312e-06 1 24560 5904 
4.41074e-05 1 57600 212544 
3.29018e-05 1 101024 484128 
3.09944e-06 1 24560 5904 
3.8147e-06 1 24560 5904 
3.00407e-05 1 57600 212544 
2.98023e-05 1 101024 484128 
2.86102e-06 1 24560 5904 
2.14577e-06 1 24560 5904 
1.5974e-05 1 57600 212544 
3.09944e-05 1 101024 484128 
2.14577e-06 1 24560 5904 
3.09944e-06 1 24560 5904 
4.05312e-06 1 4992 1152 
3.09944e-06 1 4992 1152 
3.09944e-06 1 512 192 
2.14577e-06 1 5504 2688 
1.90735e-06 1 3392 768 
2.14577e-06 1 672 288 
2.86102e-06 1 6048 4320 
1.90735e-06 1 7392 1728 
1.90735e-06 1 6912 4032 
2.86102e-06 1 10272 6048 
1.09673e-05 1 6888 8820 
2.86102e-06 1 11712 6912 
2.86102e-06 1 7872 4608 
7.86781e-06 1 13824 27648 
3.09944e-06 1 11712 6912 
5.96046e-06 1 7632 10080 
2.14577e-06 1 672 288 
3.09944e-06 1 512 192 
1.90735e-06 1 4992 1152 
3.09944e-06 1 4992 1152 
1.90735e-06 1 4992 2880 
1.90735e-06 1 6912 4032 
3.09944e-06 1 4992 2880 
7.15256e-06 1 13824 27648 
3.09944e-06 1 6912 4032 
2.86102e-06 1 5504 2688 
2.86102e-06 1 6048 4320 
1.90735e-06 1 4160 4200 
7.15256e-06 1 6888 8820 
3.09944e-06 1 392 48 
1.90735e-06 1 3368 420 
