-8.8459e-08 8.1207e-10 -2.8486e-12 
1.40667e-05 1 36080 756150 
1.21593e-05 1 36080 756150 
1.00136e-05 1 36080 756150 
1.00136e-05 1 36080 756150 
1.50204e-05 1 36080 756150 
1.19209e-05 1 31872 653184 
1.00136e-05 1 31872 653184 
1.21593e-05 1 31872 653184 
1.21593e-05 1 31872 653184 
1.19209e-05 1 31872 653184 
2.14577e-06 1 19728 140454 
9.53674e-07 1 7184 8262 
9.53674e-07 1 19728 140454 
9.53674e-07 1 7184 8262 
4.76837e-06 1 21008 140454 
1.90735e-06 1 8464 8262 
7.86781e-06 1 24848 140454 
2.14577e-06 1 12304 8262 
9.05991e-06 1 32528 140454 
1.90735e-06 1 19984 8262 
1.50204e-05 1 36080 756150 
1.3113e-05 1 36080 756150 
1.19209e-05 1 36080 756150 
1.09673e-05 1 36080 756150 
1.50204e-05 1 36080 756150 
1.19209e-05 1 31872 653184 
9.05991e-06 1 31872 653184 
8.82149e-06 1 31872 653184 
8.10623e-06 1 31872 653184 
1.00136e-05 1 31872 653184 
9.53674e-07 1 19728 140454 
9.53674e-07 1 7184 8262 
4.05312e-06 1 19728 140454 
2.14577e-06 1 7184 8262 
5.00679e-06 1 21008 140454 
9.53674e-07 1 8464 8262 
6.19888e-06 1 24848 140454 
2.14577e-06 1 12304 8262 
6.91414e-06 1 31248 140454 
1.90735e-06 1 18704 8262 
