8.4868e-14 5.78975e-11 1.3771e-13 
5.00679e-06 1 21280 175200 
2.14577e-06 1 59432 639480 
1.19209e-06 1 7144 8760 
1.90735e-06 1 5864 8760 
3.8147e-06 1 21280 175200 
3.09944e-06 1 59432 639480 
1.90735e-06 1 7144 8760 
2.14577e-06 1 5864 8760 
2.86102e-06 1 21280 175200 
3.09944e-06 1 59432 639480 
1.12057e-05 1 7144 8760 
1.90735e-06 1 5864 8760 
3.8147e-06 1 21280 175200 
3.09944e-06 1 59432 639480 
2.14577e-06 1 7144 8760 
9.53674e-07 1 5864 8760 
2.14577e-06 1 21280 175200 
2.14577e-06 1 59432 639480 
9.53674e-07 1 7144 8760 
9.53674e-07 1 5864 8760 
9.53674e-07 1 7168 10650 
9.53674e-07 1 5888 10650 
9.53674e-07 1 7168 10650 
9.53674e-07 1 5888 10650 
9.53674e-07 1 7168 10650 
9.53674e-07 1 5888 10650 
1.19209e-06 1 7168 10650 
9.53674e-07 1 5888 10650 
9.53674e-07 1 7168 10650 
9.53674e-07 1 5888 10650 
4.05312e-06 1 45392 537240 
1.38283e-05 1 312760 4.5177e+06 
1.90735e-06 1 10616 24420 
9.53674e-07 1 8056 24420 
2.31266e-05 1 45392 537240 
1.40667e-05 1 312760 4.5177e+06 
2.14577e-06 1 10616 24420 
9.53674e-07 1 8056 24420 
2.86102e-06 1 45392 537240 
1.40667e-05 1 312760 4.5177e+06 
1.19209e-06 1 10616 24420 
9.53674e-07 1 8056 24420 
3.8147e-06 1 45392 537240 
1.50204e-05 1 312760 4.5177e+06 
9.53674e-07 1 10616 24420 
1.19209e-06 1 8056 24420 
3.09944e-06 1 45392 537240 
1.50204e-05 1 312760 4.5177e+06 
2.14577e-06 1 10616 24420 
9.53674e-07 1 8056 24420 
2.14577e-06 1 10640 29646 
9.53674e-07 1 8079 29646 
9.53674e-07 1 10640 29646 
9.53674e-07 1 8079 29646 
1.90735e-06 1 10640 29646 
9.53674e-07 1 8079 29646 
2.14577e-06 1 10640 29646 
9.53674e-07 1 8079 29646 
1.90735e-06 1 10640 29646 
1.90735e-06 1 8079 29646 
2.86102e-06 1 21280 175200 
3.09944e-06 1 59432 639480 
1.90735e-06 1 7144 8760 
1.19209e-06 1 5864 8760 
2.14577e-06 1 21280 175200 
2.86102e-06 1 59432 639480 
1.19209e-06 1 7144 8760 
9.53674e-07 1 5864 8760 
1.90735e-06 1 21280 175200 
3.09944e-06 1 59432 639480 
2.14577e-06 1 7144 8760 
9.53674e-07 1 5864 8760 
1.90735e-06 1 21280 175200 
2.86102e-06 1 59432 639480 
1.19209e-06 1 7144 8760 
9.53674e-07 1 5864 8760 
2.86102e-06 1 21280 175200 
3.09944e-06 1 59432 639480 
9.53674e-07 1 7144 8760 
1.19209e-06 1 5864 8760 
1.90735e-06 1 7168 10650 
9.53674e-07 1 5888 10650 
1.19209e-06 1 7168 10650 
9.53674e-07 1 5888 10650 
9.53674e-07 1 7168 10650 
9.53674e-07 1 5888 10650 
9.53674e-07 1 7168 10650 
9.53674e-07 1 5888 10650 
9.53674e-07 1 7168 10650 
9.53674e-07 1 5888 10650 
4.05312e-06 1 35535 374616 
9.05991e-06 1 162232 2.19661e+06 
1.90735e-06 1 10167 17028 
1.19209e-06 1 7608 17028 
3.09944e-06 1 35535 374616 
8.10623e-06 1 162232 2.19661e+06 
1.90735e-06 1 10167 17028 
9.53674e-07 1 7608 17028 
3.09944e-06 1 35535 374616 
9.05991e-06 1 162232 2.19661e+06 
2.14577e-06 1 10167 17028 
9.53674e-07 1 7608 17028 
4.05312e-06 1 35535 374616 
9.05991e-06 1 162232 2.19661e+06 
9.53674e-07 1 10167 17028 
9.53674e-07 1 7608 17028 
4.05312e-06 1 35535 374616 
7.86781e-06 1 162232 2.19661e+06 
1.90735e-06 1 10167 17028 
9.53674e-07 1 7608 17028 
1.90735e-06 1 7632 20574 
4.05312e-06 1 6352 20574 
9.53674e-07 1 7632 20574 
9.53674e-07 1 6352 20574 
1.90735e-06 1 7632 20574 
1.19209e-06 1 6352 20574 
1.19209e-06 1 7632 20574 
1.19209e-06 1 6352 20574 
2.14577e-06 1 7632 20574 
9.53674e-07 1 6352 20574 
5.00679e-06 1 58432 784512 
2.5034e-05 1 462216 7.42018e+06 
1.90735e-06 1 12248 32688 
9.53674e-07 1 8408 32688 
5.00679e-06 1 58432 784512 
2.5034e-05 1 462216 7.42018e+06 
1.90735e-06 1 12248 32688 
9.53674e-07 1 8408 32688 
5.00679e-06 1 58432 784512 
2.5034e-05 1 462216 7.42018e+06 
2.14577e-06 1 12248 32688 
9.53674e-07 1 8408 32688 
5.00679e-06 1 58432 784512 
2.59876e-05 1 462216 7.42018e+06 
2.14577e-06 1 12248 32688 
9.53674e-07 1 8408 32688 
3.8147e-06 1 58432 784512 
2.5034e-05 1 462216 7.42018e+06 
1.90735e-06 1 12248 32688 
1.19209e-06 1 8408 32688 
1.90735e-06 1 12271 39150 
9.53674e-07 1 8432 39150 
1.90735e-06 1 12271 39150 
1.19209e-06 1 8432 39150 
1.90735e-06 1 12271 39150 
1.90735e-06 1 8432 39150 
1.90735e-06 1 12271 39150 
9.53674e-07 1 8432 39150 
1.90735e-06 1 12271 39150 
1.90735e-06 1 8432 39150 
4.05312e-06 1 48864 847968 
5.00679e-06 1 74728 1.40686e+06 
9.53674e-07 1 8616 19272 
1.19209e-06 1 7336 19272 
5.00679e-06 1 48864 847968 
5.00679e-06 1 74728 1.40686e+06 
9.53674e-07 1 8616 19272 
1.19209e-06 1 7336 19272 
4.05312e-06 1 48864 847968 
5.00679e-06 1 74728 1.40686e+06 
9.53674e-07 1 8616 19272 
1.90735e-06 1 7336 19272 
4.05312e-06 1 48864 847968 
4.05312e-06 1 74728 1.40686e+06 
1.90735e-06 1 8616 19272 
1.19209e-06 1 7336 19272 
5.00679e-06 1 48864 847968 
5.00679e-06 1 74728 1.40686e+06 
9.53674e-07 1 8616 19272 
1.90735e-06 1 7336 19272 
9.53674e-07 1 8640 20874 
9.53674e-07 1 7360 20874 
9.53674e-07 1 8640 20874 
9.53674e-07 1 7360 20874 
2.14577e-06 1 8640 20874 
1.90735e-06 1 7360 20874 
1.19209e-06 1 8640 20874 
9.53674e-07 1 7360 20874 
9.53674e-07 1 8640 20874 
1.90735e-06 1 7360 20874 
5.96046e-06 1 73360 1.63778e+06 
1.12057e-05 1 187000 4.59292e+06 
2.14577e-06 1 10360 35604 
9.53674e-07 1 7800 35604 
5.96046e-06 1 73360 1.63778e+06 
1.09673e-05 1 187000 4.59292e+06 
1.90735e-06 1 10360 35604 
1.90735e-06 1 7800 35604 
6.19888e-06 1 73360 1.63778e+06 
1.09673e-05 1 187000 4.59292e+06 
2.14577e-06 1 10360 35604 
9.53674e-07 1 7800 35604 
5.00679e-06 1 73360 1.63778e+06 
1.09673e-05 1 187000 4.59292e+06 
9.53674e-07 1 10360 35604 
9.53674e-07 1 7800 35604 
5.96046e-06 1 73360 1.63778e+06 
1.19209e-05 1 187000 4.59292e+06 
9.53674e-07 1 10360 35604 
2.14577e-06 1 7800 35604 
9.53674e-07 1 11664 38862 
1.90735e-06 1 10384 38862 
2.14577e-06 1 11664 38862 
9.53674e-07 1 10384 38862 
2.14577e-06 1 11664 38862 
1.90735e-06 1 10384 38862 
1.90735e-06 1 11664 38862 
1.19209e-06 1 10384 38862 
1.90735e-06 1 11664 38862 
9.53674e-07 1 10384 38862 
2.86102e-06 1 21280 175200 
2.86102e-06 1 59432 639480 
9.53674e-07 1 7144 8760 
9.53674e-07 1 5864 8760 
2.14577e-06 1 21280 175200 
3.09944e-06 1 59432 639480 
9.53674e-07 1 7144 8760 
9.53674e-07 1 5864 8760 
2.14577e-06 1 21280 175200 
2.86102e-06 1 59432 639480 
1.90735e-06 1 7144 8760 
9.53674e-07 1 5864 8760 
2.14577e-06 1 21280 175200 
2.86102e-06 1 59432 639480 
1.90735e-06 1 7144 8760 
9.53674e-07 1 5864 8760 
1.90735e-06 1 21280 175200 
3.09944e-06 1 59432 639480 
9.53674e-07 1 7144 8760 
9.53674e-07 1 5864 8760 
1.90735e-06 1 7168 10650 
9.53674e-07 1 5888 10650 
9.53674e-07 1 7168 10650 
2.14577e-06 1 5888 10650 
1.90735e-06 1 7168 10650 
9.53674e-07 1 5888 10650 
9.53674e-07 1 7168 10650 
9.53674e-07 1 5888 10650 
9.53674e-07 1 7168 10650 
1.19209e-06 1 5888 10650 
3.09944e-06 1 28048 293304 
5.00679e-06 1 104504 1.34653e+06 
2.14577e-06 1 7384 13332 
9.53674e-07 1 6104 13332 
4.05312e-06 1 28048 293304 
5.00679e-06 1 104504 1.34653e+06 
9.53674e-07 1 7384 13332 
9.53674e-07 1 6104 13332 
3.09944e-06 1 28048 293304 
5.00679e-06 1 104504 1.34653e+06 
9.53674e-07 1 7384 13332 
1.19209e-06 1 6104 13332 
2.86102e-06 1 28048 293304 
5.00679e-06 1 104504 1.34653e+06 
9.53674e-07 1 7384 13332 
1.19209e-06 1 6104 13332 
2.14577e-06 1 28048 293304 
4.05312e-06 1 104504 1.34653e+06 
9.53674e-07 1 7384 13332 
1.19209e-06 1 6104 13332 
9.53674e-07 1 7407 16038 
9.53674e-07 1 6128 16038 
9.53674e-07 1 7407 16038 
1.19209e-06 1 6128 16038 
9.53674e-07 1 7407 16038 
9.53674e-07 1 6128 16038 
1.90735e-06 1 7407 16038 
9.53674e-07 1 6128 16038 
9.53674e-07 1 7407 16038 
1.90735e-06 1 6128 16038 
5.00679e-06 1 40256 480384 
9.05991e-06 1 187656 2.78222e+06 
1.90735e-06 1 10264 20016 
9.53674e-07 1 7704 20016 
2.86102e-06 1 40256 480384 
1.00136e-05 1 187656 2.78222e+06 
1.19209e-06 1 10264 20016 
9.53674e-07 1 7704 20016 
4.05312e-06 1 40256 480384 
1.00136e-05 1 187656 2.78222e+06 
1.90735e-06 1 10264 20016 
1.19209e-06 1 7704 20016 
3.8147e-06 1 40256 480384 
9.77516e-06 1 187656 2.78222e+06 
1.90735e-06 1 10264 20016 
1.19209e-06 1 7704 20016 
2.86102e-06 1 40256 480384 
9.77516e-06 1 187656 2.78222e+06 
9.53674e-07 1 10264 20016 
9.53674e-07 1 7704 20016 
1.90735e-06 1 10288 23838 
9.53674e-07 1 7728 23838 
2.14577e-06 1 10288 23838 
1.90735e-06 1 7728 23838 
1.90735e-06 1 10288 23838 
9.53674e-07 1 7728 23838 
1.90735e-06 1 10288 23838 
9.53674e-07 1 7728 23838 
1.90735e-06 1 10288 23838 
9.53674e-07 1 7728 23838 
4.05312e-06 1 36640 536550 
5.00679e-06 1 68192 1.11909e+06 
9.53674e-07 1 7264 15330 
9.53674e-07 1 5984 15330 
4.05312e-06 1 36640 536550 
4.05312e-06 1 68192 1.11909e+06 
9.53674e-07 1 7264 15330 
1.90735e-06 1 5984 15330 
3.09944e-06 1 36640 536550 
4.05312e-06 1 68192 1.11909e+06 
9.53674e-07 1 7264 15330 
9.53674e-07 1 5984 15330 
3.09944e-06 1 36640 536550 
5.00679e-06 1 68192 1.11909e+06 
9.53674e-07 1 7264 15330 
9.53674e-07 1 5984 15330 
3.09944e-06 1 36640 536550 
5.00679e-06 1 68192 1.11909e+06 
1.90735e-06 1 7264 15330 
9.53674e-07 1 5984 15330 
9.53674e-07 1 7288 17040 
9.53674e-07 1 6008 17040 
9.53674e-07 1 7288 17040 
9.53674e-07 1 6008 17040 
1.90735e-06 1 7288 17040 
9.53674e-07 1 6008 17040 
9.53674e-07 1 7288 17040 
9.53674e-07 1 6008 17040 
1.90735e-06 1 7288 17040 
9.53674e-07 1 6008 17040 
3.8147e-06 1 48528 829614 
6.91414e-06 1 117904 2.26462e+06 
9.53674e-07 1 8784 22422 
9.53674e-07 1 7504 22422 
3.8147e-06 1 48528 829614 
7.15256e-06 1 117904 2.26462e+06 
9.53674e-07 1 8784 22422 
9.53674e-07 1 7504 22422 
4.05312e-06 1 48528 829614 
6.91414e-06 1 117904 2.26462e+06 
1.90735e-06 1 8784 22422 
1.19209e-06 1 7504 22422 
3.8147e-06 1 48528 829614 
6.91414e-06 1 117904 2.26462e+06 
1.19209e-06 1 8784 22422 
9.53674e-07 1 7504 22422 
4.05312e-06 1 48528 829614 
7.15256e-06 1 117904 2.26462e+06 
9.53674e-07 1 8784 22422 
9.53674e-07 1 7504 22422 
9.53674e-07 1 8808 24948 
1.90735e-06 1 7528 24948 
1.90735e-06 1 8808 24948 
1.90735e-06 1 7528 24948 
2.14577e-06 1 8808 24948 
1.19209e-06 1 7528 24948 
1.90735e-06 1 8808 24948 
9.53674e-07 1 7528 24948 
1.90735e-06 1 8808 24948 
1.90735e-06 1 7528 24948 
5.96046e-06 1 64496 1.26851e+06 
1.21593e-05 1 204336 4.52111e+06 
1.90735e-06 1 10384 32526 
1.19209e-06 1 7824 32526 
5.00679e-06 1 64496 1.26851e+06 
1.19209e-05 1 204336 4.52111e+06 
1.90735e-06 1 10384 32526 
1.90735e-06 1 7824 32526 
5.00679e-06 1 64496 1.26851e+06 
1.19209e-05 1 204336 4.52111e+06 
9.53674e-07 1 10384 32526 
9.53674e-07 1 7824 32526 
5.00679e-06 1 64496 1.26851e+06 
1.19209e-05 1 204336 4.52111e+06 
1.90735e-06 1 10384 32526 
9.53674e-07 1 7824 32526 
5.96046e-06 1 64496 1.26851e+06 
1.21593e-05 1 204336 4.52111e+06 
2.14577e-06 1 10384 32526 
1.90735e-06 1 7824 32526 
9.53674e-07 1 10408 36168 
1.90735e-06 1 7848 36168 
2.14577e-06 1 10408 36168 
9.53674e-07 1 7848 36168 
1.90735e-06 1 10408 36168 
9.53674e-07 1 7848 36168 
1.90735e-06 1 10408 36168 
9.53674e-07 1 7848 36168 
9.53674e-07 1 10408 36168 
9.53674e-07 1 7848 36168 
5.96046e-06 1 65472 1.37357e+06 
5.00679e-06 1 81736 1.79054e+06 
2.14577e-06 1 8712 24528 
9.53674e-07 1 7432 24528 
5.00679e-06 1 65472 1.37357e+06 
5.00679e-06 1 81736 1.79054e+06 
2.14577e-06 1 8712 24528 
9.53674e-07 1 7432 24528 
5.00679e-06 1 65472 1.37357e+06 
5.00679e-06 1 81736 1.79054e+06 
1.90735e-06 1 8712 24528 
9.53674e-07 1 7432 24528 
4.05312e-06 1 65472 1.37357e+06 
5.00679e-06 1 81736 1.79054e+06 
9.53674e-07 1 8712 24528 
1.90735e-06 1 7432 24528 
5.00679e-06 1 65472 1.37357e+06 
5.00679e-06 1 81736 1.79054e+06 
9.53674e-07 1 8712 24528 
9.53674e-07 1 7432 24528 
9.53674e-07 1 8736 25986 
9.53674e-07 1 7456 25986 
1.90735e-06 1 8736 25986 
9.53674e-07 1 7456 25986 
9.53674e-07 1 8736 25986 
9.53674e-07 1 7456 25986 
9.53674e-07 1 8736 25986 
9.53674e-07 1 7456 25986 
9.53674e-07 1 8736 25986 
9.53674e-07 1 7456 25986 
8.10623e-06 1 81456 2.03858e+06 
1.21593e-05 1 134872 3.54995e+06 
1.19209e-06 1 8952 35148 
9.53674e-07 1 7672 35148 
7.15256e-06 1 81456 2.03858e+06 
1.00136e-05 1 134872 3.54995e+06 
2.14577e-06 1 8952 35148 
2.14577e-06 1 7672 35148 
8.10623e-06 1 81456 2.03858e+06 
1.09673e-05 1 134872 3.54995e+06 
1.19209e-06 1 8952 35148 
1.19209e-06 1 7672 35148 
6.91414e-06 1 81456 2.03858e+06 
1.00136e-05 1 134872 3.54995e+06 
1.90735e-06 1 8952 35148 
9.53674e-07 1 7672 35148 
7.15256e-06 1 81456 2.03858e+06 
9.77516e-06 1 134872 3.54995e+06 
9.53674e-07 1 8952 35148 
9.53674e-07 1 7672 35148 
9.53674e-07 1 11536 37422 
9.53674e-07 1 10256 37422 
2.14577e-06 1 11536 37422 
9.53674e-07 1 10256 37422 
1.90735e-06 1 11536 37422 
9.53674e-07 1 10256 37422 
1.90735e-06 1 11536 37422 
2.14577e-06 1 10256 37422 
2.14577e-06 1 11536 37422 
1.19209e-06 1 10256 37422 
3.8147e-06 1 21280 175200 
3.09944e-06 1 59432 639480 
9.53674e-07 1 7144 8760 
1.90735e-06 1 5864 8760 
2.86102e-06 1 21280 175200 
3.09944e-06 1 59432 639480 
1.19209e-06 1 7144 8760 
9.53674e-07 1 5864 8760 
9.53674e-07 1 21280 175200 
2.14577e-06 1 59432 639480 
9.53674e-07 1 7144 8760 
9.53674e-07 1 5864 8760 
1.90735e-06 1 21280 175200 
1.90735e-06 1 59432 639480 
1.19209e-06 1 7144 8760 
1.19209e-06 1 5864 8760 
1.90735e-06 1 21280 175200 
3.09944e-06 1 59432 639480 
9.53674e-07 1 7144 8760 
9.53674e-07 1 5864 8760 
9.53674e-07 1 7168 10650 
1.19209e-06 1 5888 10650 
1.90735e-06 1 7168 10650 
9.53674e-07 1 5888 10650 
9.53674e-07 1 7168 10650 
9.53674e-07 1 5888 10650 
1.19209e-06 1 7168 10650 
9.53674e-07 1 5888 10650 
9.53674e-07 1 7168 10650 
1.19209e-06 1 5888 10650 
2.86102e-06 1 25584 252648 
4.05312e-06 1 80984 999108 
1.19209e-06 1 7272 11484 
9.53674e-07 1 5992 11484 
1.90735e-06 1 25584 252648 
2.86102e-06 1 80984 999108 
9.53674e-07 1 7272 11484 
9.53674e-07 1 5992 11484 
1.90735e-06 1 25584 252648 
3.09944e-06 1 80984 999108 
2.14577e-06 1 7272 11484 
9.53674e-07 1 5992 11484 
2.14577e-06 1 25584 252648 
2.86102e-06 1 80984 999108 
2.14577e-06 1 7272 11484 
9.53674e-07 1 5992 11484 
1.90735e-06 1 25584 252648 
4.05312e-06 1 80984 999108 
9.53674e-07 1 7272 11484 
9.53674e-07 1 5992 11484 
1.90735e-06 1 7296 13770 
9.53674e-07 1 6015 13770 
9.53674e-07 1 7296 13770 
9.53674e-07 1 6015 13770 
1.90735e-06 1 7296 13770 
9.53674e-07 1 6015 13770 
1.90735e-06 1 7296 13770 
9.53674e-07 1 6015 13770 
9.53674e-07 1 7296 13770 
1.90735e-06 1 6015 13770 
3.8147e-06 1 30784 355968 
4.05312e-06 1 109768 1.5277e+06 
1.90735e-06 1 7416 14832 
9.53674e-07 1 6136 14832 
1.90735e-06 1 30784 355968 
5.00679e-06 1 109768 1.5277e+06 
1.90735e-06 1 7416 14832 
9.53674e-07 1 6136 14832 
3.09944e-06 1 30784 355968 
5.00679e-06 1 109768 1.5277e+06 
2.14577e-06 1 7416 14832 
1.90735e-06 1 6136 14832 
2.14577e-06 1 30784 355968 
5.00679e-06 1 109768 1.5277e+06 
2.14577e-06 1 7416 14832 
9.53674e-07 1 6136 14832 
2.14577e-06 1 30784 355968 
4.05312e-06 1 109768 1.5277e+06 
2.14577e-06 1 7416 14832 
9.53674e-07 1 6136 14832 
2.14577e-06 1 7440 17574 
9.53674e-07 1 6160 17574 
9.53674e-07 1 7440 17574 
9.53674e-07 1 6160 17574 
1.90735e-06 1 7440 17574 
9.53674e-07 1 6160 17574 
9.53674e-07 1 7440 17574 
9.53674e-07 1 6160 17574 
9.53674e-07 1 7440 17574 
9.53674e-07 1 6160 17574 
4.05312e-06 1 31120 394200 
4.05312e-06 1 65272 959220 
2.14577e-06 1 7224 13140 
1.19209e-06 1 5944 13140 
4.05312e-06 1 31120 394200 
4.05312e-06 1 65272 959220 
2.14577e-06 1 7224 13140 
1.90735e-06 1 5944 13140 
2.86102e-06 1 31120 394200 
4.05312e-06 1 65272 959220 
9.53674e-07 1 7224 13140 
9.53674e-07 1 5944 13140 
2.86102e-06 1 31120 394200 
4.05312e-06 1 65272 959220 
9.53674e-07 1 7224 13140 
1.19209e-06 1 5944 13140 
3.09944e-06 1 31120 394200 
4.05312e-06 1 65272 959220 
1.90735e-06 1 7224 13140 
9.53674e-07 1 5944 13140 
9.53674e-07 1 7248 14910 
2.14577e-06 1 5968 14910 
2.14577e-06 1 7248 14910 
9.53674e-07 1 5968 14910 
1.19209e-06 1 7248 14910 
9.53674e-07 1 5968 14910 
1.90735e-06 1 7248 14910 
2.14577e-06 1 5968 14910 
9.53674e-07 1 7248 14910 
9.53674e-07 1 5968 14910 
4.05312e-06 1 36864 534528 
5.00679e-06 1 87944 1.45325e+06 
9.53674e-07 1 7352 16704 
9.53674e-07 1 6072 16704 
2.86102e-06 1 36864 534528 
5.00679e-06 1 87944 1.45325e+06 
1.90735e-06 1 7352 16704 
9.53674e-07 1 6072 16704 
3.09944e-06 1 36864 534528 
5.00679e-06 1 87944 1.45325e+06 
9.53674e-07 1 7352 16704 
9.53674e-07 1 6072 16704 
4.05312e-06 1 36864 534528 
5.00679e-06 1 87944 1.45325e+06 
2.14577e-06 1 7352 16704 
9.53674e-07 1 6072 16704 
2.86102e-06 1 36864 534528 
5.00679e-06 1 87944 1.45325e+06 
9.53674e-07 1 7352 16704 
9.53674e-07 1 6072 16704 
2.14577e-06 1 7376 18870 
9.53674e-07 1 6096 18870 
1.90735e-06 1 7376 18870 
9.53674e-07 1 6096 18870 
9.53674e-07 1 7376 18870 
9.53674e-07 1 6096 18870 
2.14577e-06 1 7376 18870 
2.14577e-06 1 6096 18870 
9.53674e-07 1 7376 18870 
9.53674e-07 1 6096 18870 
4.05312e-06 1 44943 714408 
5.96046e-06 1 119288 2.16424e+06 
1.90735e-06 1 8775 21012 
1.90735e-06 1 7496 21012 
3.8147e-06 1 44943 714408 
5.96046e-06 1 119288 2.16424e+06 
2.14577e-06 1 8775 21012 
9.53674e-07 1 7496 21012 
4.05312e-06 1 44943 714408 
7.15256e-06 1 119288 2.16424e+06 
1.90735e-06 1 8775 21012 
9.53674e-07 1 7496 21012 
4.05312e-06 1 44943 714408 
5.96046e-06 1 119288 2.16424e+06 
9.53674e-07 1 8775 21012 
1.19209e-06 1 7496 21012 
4.05312e-06 1 44943 714408 
5.96046e-06 1 119288 2.16424e+06 
9.53674e-07 1 8775 21012 
9.53674e-07 1 7496 21012 
2.14577e-06 1 8800 23634 
9.53674e-07 1 7520 23634 
9.53674e-07 1 8800 23634 
9.53674e-07 1 7520 23634 
2.14577e-06 1 8800 23634 
9.53674e-07 1 7520 23634 
9.53674e-07 1 8800 23634 
9.53674e-07 1 7520 23634 
2.14577e-06 1 8800 23634 
1.19209e-06 1 7520 23634 
5.00679e-06 1 46320 772632 
5.00679e-06 1 73560 1.34291e+06 
9.53674e-07 1 8600 18396 
1.90735e-06 1 7320 18396 
3.8147e-06 1 46320 772632 
4.05312e-06 1 73560 1.34291e+06 
1.90735e-06 1 8600 18396 
9.53674e-07 1 7320 18396 
4.05312e-06 1 46320 772632 
4.05312e-06 1 73560 1.34291e+06 
2.14577e-06 1 8600 18396 
9.53674e-07 1 7320 18396 
2.40803e-05 1 46320 772632 
4.05312e-06 1 73560 1.34291e+06 
1.90735e-06 1 8600 18396 
9.53674e-07 1 7320 18396 
4.05312e-06 1 46320 772632 
4.76837e-06 1 73560 1.34291e+06 
1.90735e-06 1 8600 18396 
1.90735e-06 1 7320 18396 
9.53674e-07 1 8623 20022 
9.53674e-07 1 7344 20022 
1.90735e-06 1 8623 20022 
9.53674e-07 1 7344 20022 
1.90735e-06 1 8623 20022 
9.53674e-07 1 7344 20022 
1.19209e-06 1 8623 20022 
9.53674e-07 1 7344 20022 
1.90735e-06 1 8623 20022 
9.53674e-07 1 7344 20022 
5.00679e-06 1 53791 1.01059e+06 
5.96046e-06 1 97576 1.99822e+06 
1.90735e-06 1 8727 22968 
1.90735e-06 1 7448 22968 
3.8147e-06 1 53791 1.01059e+06 
6.91414e-06 1 97576 1.99822e+06 
1.19209e-06 1 8727 22968 
9.53674e-07 1 7448 22968 
4.05312e-06 1 53791 1.01059e+06 
5.96046e-06 1 97576 1.99822e+06 
1.19209e-06 1 8727 22968 
9.53674e-07 1 7448 22968 
4.05312e-06 1 53791 1.01059e+06 
5.96046e-06 1 97576 1.99822e+06 
9.53674e-07 1 8727 22968 
9.53674e-07 1 7448 22968 
3.8147e-06 1 53791 1.01059e+06 
6.91414e-06 1 97576 1.99822e+06 
9.53674e-07 1 8727 22968 
9.53674e-07 1 7448 22968 
1.90735e-06 1 8752 24990 
9.53674e-07 1 7471 24990 
1.90735e-06 1 8752 24990 
9.53674e-07 1 7471 24990 
1.90735e-06 1 8752 24990 
9.53674e-07 1 7471 24990 
9.53674e-07 1 8752 24990 
9.53674e-07 1 7471 24990 
2.14577e-06 1 8752 24990 
9.53674e-07 1 7471 24990 
6.19888e-06 1 62512 1.30769e+06 
9.05991e-06 1 129176 2.92808e+06 
1.90735e-06 1 8872 28428 
9.53674e-07 1 7592 28428 
5.00679e-06 1 62512 1.30769e+06 
9.05991e-06 1 129176 2.92808e+06 
1.90735e-06 1 8872 28428 
9.53674e-07 1 7592 28428 
5.00679e-06 1 62512 1.30769e+06 
7.86781e-06 1 129176 2.92808e+06 
9.53674e-07 1 8872 28428 
9.53674e-07 1 7592 28428 
5.00679e-06 1 62512 1.30769e+06 
9.05991e-06 1 129176 2.92808e+06 
9.53674e-07 1 8872 28428 
2.14577e-06 1 7592 28428 
5.00679e-06 1 62512 1.30769e+06 
8.10623e-06 1 129176 2.92808e+06 
9.53674e-07 1 8872 28428 
9.53674e-07 1 7592 28428 
2.14577e-06 1 8896 30906 
9.53674e-07 1 7616 30906 
1.19209e-06 1 8896 30906 
1.19209e-06 1 7616 30906 
2.14577e-06 1 8896 30906 
2.14577e-06 1 7616 30906 
1.90735e-06 1 8896 30906 
9.53674e-07 1 7616 30906 
1.90735e-06 1 8896 30906 
9.53674e-07 1 7616 30906 
5.96046e-06 1 65472 1.37357e+06 
5.00679e-06 1 81736 1.79054e+06 
2.14577e-06 1 8712 24528 
9.53674e-07 1 7432 24528 
5.96046e-06 1 65472 1.37357e+06 
5.00679e-06 1 81736 1.79054e+06 
1.19209e-06 1 8712 24528 
1.90735e-06 1 7432 24528 
5.00679e-06 1 65472 1.37357e+06 
5.00679e-06 1 81736 1.79054e+06 
9.53674e-07 1 8712 24528 
9.53674e-07 1 7432 24528 
5.00679e-06 1 65472 1.37357e+06 
5.00679e-06 1 81736 1.79054e+06 
2.14577e-06 1 8712 24528 
9.53674e-07 1 7432 24528 
5.00679e-06 1 65472 1.37357e+06 
5.00679e-06 1 81736 1.79054e+06 
1.90735e-06 1 8712 24528 
1.90735e-06 1 7432 24528 
9.53674e-07 1 8736 25986 
9.53674e-07 1 7456 25986 
2.14577e-06 1 8736 25986 
9.53674e-07 1 7456 25986 
1.90735e-06 1 8736 25986 
1.19209e-06 1 7456 25986 
2.14577e-06 1 8736 25986 
1.90735e-06 1 7456 25986 
9.53674e-07 1 8736 25986 
9.53674e-07 1 7456 25986 
6.91414e-06 1 74959 1.75601e+06 
7.15256e-06 1 107320 2.63401e+06 
9.53674e-07 1 8839 30276 
1.78814e-05 1 7560 30276 
1.00136e-05 1 74959 1.75601e+06 
6.91414e-06 1 107320 2.63401e+06 
9.53674e-07 1 8839 30276 
9.53674e-07 1 7560 30276 
1.00136e-05 1 74959 1.75601e+06 
6.91414e-06 1 107320 2.63401e+06 
2.14577e-06 1 8839 30276 
1.19209e-06 1 7560 30276 
9.05991e-06 1 74959 1.75601e+06 
5.96046e-06 1 107320 2.63401e+06 
1.90735e-06 1 8839 30276 
9.53674e-07 1 7560 30276 
8.10623e-06 1 74959 1.75601e+06 
5.96046e-06 1 107320 2.63401e+06 
1.90735e-06 1 8839 30276 
1.90735e-06 1 7560 30276 
1.90735e-06 1 8863 32130 
9.53674e-07 1 7584 32130 
1.90735e-06 1 8863 32130 
1.90735e-06 1 7584 32130 
9.53674e-07 1 8863 32130 
1.19209e-06 1 7584 32130 
1.90735e-06 1 8863 32130 
9.53674e-07 1 7584 32130 
9.53674e-07 1 8863 32130 
2.14577e-06 1 7584 32130 
5.96046e-06 1 21280 175200 
4.05312e-06 1 59432 639480 
9.53674e-07 1 7144 8760 
9.53674e-07 1 5864 8760 
1.90735e-06 1 21280 175200 
2.86102e-06 1 59432 639480 
2.14577e-06 1 7144 8760 
9.53674e-07 1 5864 8760 
1.90735e-06 1 21280 175200 
2.86102e-06 1 59432 639480 
1.90735e-06 1 7144 8760 
9.53674e-07 1 5864 8760 
2.14577e-06 1 21280 175200 
2.86102e-06 1 59432 639480 
1.19209e-06 1 7144 8760 
9.53674e-07 1 5864 8760 
1.90735e-06 1 21280 175200 
4.05312e-06 1 59432 639480 
2.14577e-06 1 7144 8760 
1.19209e-06 1 5864 8760 
1.90735e-06 1 7168 10650 
9.53674e-07 1 5888 10650 
1.90735e-06 1 7168 10650 
9.53674e-07 1 5888 10650 
9.53674e-07 1 7168 10650 
9.53674e-07 1 5888 10650 
1.19209e-06 1 7168 10650 
9.53674e-07 1 5888 10650 
9.53674e-07 1 7168 10650 
1.19209e-06 1 5888 10650 
2.86102e-06 1 24352 232320 
2.86102e-06 1 70400 844800 
9.53674e-07 1 7216 10560 
1.19209e-06 1 5936 10560 
1.90735e-06 1 24352 232320 
2.14577e-06 1 70400 844800 
2.14577e-06 1 7216 10560 
9.53674e-07 1 5936 10560 
1.90735e-06 1 24352 232320 
2.86102e-06 1 70400 844800 
9.53674e-07 1 7216 10560 
9.53674e-07 1 5936 10560 
2.14577e-06 1 24352 232320 
3.09944e-06 1 70400 844800 
2.14577e-06 1 7216 10560 
9.53674e-07 1 5936 10560 
1.90735e-06 1 24352 232320 
1.90735e-06 1 70400 844800 
9.53674e-07 1 7216 10560 
9.53674e-07 1 5936 10560 
9.53674e-07 1 7239 12636 
9.53674e-07 1 5960 12636 
9.53674e-07 1 7239 12636 
9.53674e-07 1 5960 12636 
2.14577e-06 1 7239 12636 
9.53674e-07 1 5960 12636 
2.14577e-06 1 7239 12636 
9.53674e-07 1 5960 12636 
9.53674e-07 1 7239 12636 
9.53674e-07 1 5960 12636 
3.8147e-06 1 27711 300672 
4.05312e-06 1 82376 1.08994e+06 
1.90735e-06 1 7287 12528 
9.53674e-07 1 6008 12528 
2.14577e-06 1 27711 300672 
3.09944e-06 1 82376 1.08994e+06 
1.19209e-06 1 7287 12528 
9.53674e-07 1 6008 12528 
3.09944e-06 1 27711 300672 
4.05312e-06 1 82376 1.08994e+06 
9.53674e-07 1 7287 12528 
9.53674e-07 1 6008 12528 
2.14577e-06 1 27711 300672 
4.05312e-06 1 82376 1.08994e+06 
9.53674e-07 1 7287 12528 
9.53674e-07 1 6008 12528 
1.90735e-06 1 27711 300672 
4.05312e-06 1 82376 1.08994e+06 
9.53674e-07 1 7287 12528 
1.19209e-06 1 6008 12528 
9.53674e-07 1 7312 14790 
9.53674e-07 1 6032 14790 
1.19209e-06 1 7312 14790 
9.53674e-07 1 6032 14790 
9.53674e-07 1 7312 14790 
1.19209e-06 1 6032 14790 
1.90735e-06 1 7312 14790 
9.53674e-07 1 6032 14790 
9.53674e-07 1 7312 14790 
9.53674e-07 1 6032 14790 
5.96046e-06 1 29024 343392 
4.05312e-06 1 64104 895272 
1.90735e-06 1 7208 12264 
9.53674e-07 1 5928 12264 
3.09944e-06 1 29024 343392 
5.00679e-06 1 64104 895272 
9.53674e-07 1 7208 12264 
9.53674e-07 1 5928 12264 
1.5974e-05 1 29024 343392 
5.00679e-06 1 64104 895272 
2.14577e-06 1 7208 12264 
1.19209e-06 1 5928 12264 
2.86102e-06 1 29024 343392 
3.8147e-06 1 64104 895272 
9.53674e-07 1 7208 12264 
9.53674e-07 1 5928 12264 
3.09944e-06 1 29024 343392 
4.05312e-06 1 64104 895272 
9.53674e-07 1 7208 12264 
9.53674e-07 1 5928 12264 
1.90735e-06 1 7232 14058 
1.19209e-06 1 5952 14058 
2.14577e-06 1 7232 14058 
9.53674e-07 1 5952 14058 
9.53674e-07 1 7232 14058 
9.53674e-07 1 5952 14058 
2.14577e-06 1 7232 14058 
1.19209e-06 1 5952 14058 
9.53674e-07 1 7232 14058 
9.53674e-07 1 5952 14058 
3.09944e-06 1 32800 432000 
4.05312e-06 1 75520 1.152e+06 
9.53674e-07 1 7280 14400 
1.19209e-06 1 6000 14400 
4.05312e-06 1 32800 432000 
4.05312e-06 1 75520 1.152e+06 
1.90735e-06 1 7280 14400 
9.53674e-07 1 6000 14400 
2.86102e-06 1 32800 432000 
2.86102e-06 1 75520 1.152e+06 
1.90735e-06 1 7280 14400 
9.53674e-07 1 6000 14400 
2.86102e-06 1 32800 432000 
4.05312e-06 1 75520 1.152e+06 
9.53674e-07 1 7280 14400 
9.53674e-07 1 6000 14400 
3.09944e-06 1 32800 432000 
4.05312e-06 1 75520 1.152e+06 
1.90735e-06 1 7280 14400 
9.53674e-07 1 6000 14400 
9.53674e-07 1 7304 16380 
9.53674e-07 1 6024 16380 
2.14577e-06 1 7304 16380 
9.53674e-07 1 6024 16380 
1.19209e-06 1 7304 16380 
9.53674e-07 1 6024 16380 
9.53674e-07 1 7304 16380 
1.19209e-06 1 6024 16380 
9.53674e-07 1 7304 16380 
1.19209e-06 1 6024 16380 
4.05312e-06 1 36864 534528 
5.00679e-06 1 87944 1.45325e+06 
1.90735e-06 1 7352 16704 
9.53674e-07 1 6072 16704 
3.09944e-06 1 36864 534528 
5.00679e-06 1 87944 1.45325e+06 
9.53674e-07 1 7352 16704 
9.53674e-07 1 6072 16704 
4.05312e-06 1 36864 534528 
4.05312e-06 1 87944 1.45325e+06 
9.53674e-07 1 7352 16704 
9.53674e-07 1 6072 16704 
2.86102e-06 1 36864 534528 
4.05312e-06 1 87944 1.45325e+06 
1.90735e-06 1 7352 16704 
9.53674e-07 1 6072 16704 
4.05312e-06 1 36864 534528 
4.05312e-06 1 87944 1.45325e+06 
1.90735e-06 1 7352 16704 
9.53674e-07 1 6072 16704 
9.53674e-07 1 8655 18870 
9.53674e-07 1 7376 18870 
9.53674e-07 1 8655 18870 
9.53674e-07 1 7376 18870 
1.90735e-06 1 8655 18870 
2.14577e-06 1 7376 18870 
2.14577e-06 1 8655 18870 
1.90735e-06 1 7376 18870 
1.19209e-06 1 8655 18870 
9.53674e-07 1 7376 18870 
4.05312e-06 1 38960 599622 
5.96046e-06 1 69360 1.18304e+06 
1.90735e-06 1 7280 16206 
9.53674e-07 1 6000 16206 
4.76837e-06 1 38960 599622 
5.00679e-06 1 69360 1.18304e+06 
2.14577e-06 1 7280 16206 
9.53674e-07 1 6000 16206 
4.05312e-06 1 38960 599622 
5.00679e-06 1 69360 1.18304e+06 
1.90735e-06 1 7280 16206 
9.53674e-07 1 6000 16206 
4.05312e-06 1 38960 599622 
5.00679e-06 1 69360 1.18304e+06 
1.90735e-06 1 7280 16206 
1.90735e-06 1 6000 16206 
5.00679e-06 1 38960 599622 
5.96046e-06 1 69360 1.18304e+06 
9.53674e-07 1 7280 16206 
9.53674e-07 1 6000 16206 
9.53674e-07 1 7304 17892 
9.53674e-07 1 6024 17892 
2.14577e-06 1 7304 17892 
2.14577e-06 1 6024 17892 
1.90735e-06 1 7304 17892 
9.53674e-07 1 6024 17892 
9.53674e-07 1 7304 17892 
9.53674e-07 1 6024 17892 
9.53674e-07 1 7304 17892 
9.53674e-07 1 6024 17892 
6.19888e-06 1 44808 730080 
5.96046e-06 1 82559 1.4976e+06 
2.14577e-06 1 8632 18720 
9.53674e-07 1 7351 18720 
4.05312e-06 1 44808 730080 
5.96046e-06 1 82559 1.4976e+06 
2.14577e-06 1 8632 18720 
9.53674e-07 1 7351 18720 
5.96046e-06 1 44808 730080 
6.19888e-06 1 82559 1.4976e+06 
9.53674e-07 1 8632 18720 
9.53674e-07 1 7351 18720 
5.96046e-06 1 44808 730080 
6.19888e-06 1 82559 1.4976e+06 
2.14577e-06 1 8632 18720 
1.19209e-06 1 7351 18720 
6.91414e-06 1 44808 730080 
6.19888e-06 1 82559 1.4976e+06 
1.19209e-06 1 8632 18720 
9.53674e-07 1 7351 18720 
2.14577e-06 1 7376 20592 
9.53674e-07 1 6096 20592 
1.90735e-06 1 7376 20592 
1.19209e-06 1 6096 20592 
9.53674e-07 1 7376 20592 
2.14577e-06 1 6096 20592 
2.14577e-06 1 7376 20592 
9.53674e-07 1 6096 20592 
2.14577e-06 1 7376 20592 
1.19209e-06 1 6096 20592 
